AAO88189.1,AAO88188.1,AAO88187.1,AOL02447.1,YP_077183.1,AAT48615.1,AHK22793.1,AAT48613.1,AGA15926.1,AAZ79676.1,AAZ79672.1,AAR07955.1,AAS99282.1,AAS99281.1,AGA15927.1,AGA15925.1,AGA15924.1,ACB55317.1,AAO88183.1,AAS99241.1,AKU89600.1,AKU89598.1,AAS99245.1,AKU89597.1,AKU89596.1,ACB55316.1,AAS99259.1,AAS99257.1,AAS99249.1,AAS99250.1,AAS99251.1,AAS99247.1,AAS99248.1,ACB55314.1,AAS99286.1,AAS99255.1,AAS99254.1,AKU89599.1,ACB55313.1,AAS99312.1,AAS99289.1,AAS99243.1,AAS99290.1,AAS99288.1,AAS99285.1,AAS99244.1,AAS99311.1,ACB55311.1,AAO88193.1,AAS99306.1,AAS99242.1,AAO88198.1,AAO88190.1,AAO88209.1,AAO88208.1,AAO88201.1,AAO88200.1,AAO88195.1,AAS99267.1,AAO88197.1,AAO88196.1,AAS99240.1,AAS99238.1,AAS99239.1,ACB55315.1,AAS99258.1,AAS99246.1,AAS99253.1,AAS99252.1,AAO88206.1,AKU89601.1,AAS99256.1,ACB55312.1,AAO88186.1,AAO88184.1,AAO88185.1,ACB55306.1,AAO88199.1,AAO88205.1,ACB55305.1,AAO88203.1,AAO88204.1,AAO88202.1,AAO88192.1,AAO88194.1,AAO88191.1,AKU89602.1,ACB55310.1,AAS99296.1,ACB55303.1,ACB55302.1,ACB55301.1,ABA71701.1,ABA71699.1,APD78414.1,ACB55309.1,ACB55308.1,AAS99292.1,AAS99294.1,AAS99291.1,AKU89603.1,AAB95452.1,ACB55304.1,AAO88207.1,AAU05370.1,AAS99302.1,AAS99301.1,AAS99300.1,AAS99314.1,AAS99261.1,AAS99262.1,AAS99313.1,AAS99268.1,AAS99266.1,AAS99265.1,AAS99308.1,AAS99287.1,AAS99260.1,AAS99280.1,AAS99270.1,AAS99307.1,AAS99276.1,ACB55307.1,AAS99279.1,AAS99278.1,AAU05364.1,AAS99305.1,AAS99299.1,AAS99298.1,AAS99295.1,AAS99293.1,AAS99284.1,AAS99283.1,AAS99297.1,AAS99304.1,AAS99303.1,AAS99263.1,AAS99310.1,AAS99309.1,AAU05362.1,AAU05368.1,AAU05372.1,AAU05358.1,AAU05371.1,AAU05360.1,AAS99277.1,AAS99275.1,AAS99273.1,AAS99274.1,AAS99271.1,AAS99269.1,AAT46339.1,pdb|4IOV|A,ABI16639.1,NP_044927.1,YP_077178.1,YP_077180.1,AAT46337.1,AAS99264.1,NP_049542.1,AAB95450.1,NP_043941.1,ABZ10812.1,3J1Q_A,AKU89595.1,YP_068409.1,YP_680426.1
0,607,614,54,15,15,19,15,3,12,26,20,50,50,24,24,24,154,154,118,154,154,142,154,155,154,154,147,124,154,154,140,154,154,147,143,126,155,130,130,140,144,144,142,144,144,144,155,155,149,149,146,155,141,141,155,102,116,135,103,100,119,119,119,143,140,139,154,138,122,155,125,155,155,155,155,116,116,92,98,85,108,116,155,116,116,154,154,153,154,154,140,140,140,140,60,60,51,59,115,94,62,64,64,49,44,41,49,38,48,49,48,46,42,30,49,43,49,40,49,49,49,49,44,44,49,49,43,47,47,49,49,49,48,49,49,49,49,49,49,39,39,39,39,39,39,39,33,39,24,39,635,663,143,170,136,126,144,60,154,140,62,65,39,156,3,49
607,0,605,40,13,13,13,13,3,12,26,23,50,50,23,23,23,127,127,97,127,127,115,127,128,127,127,120,103,127,126,113,127,127,120,116,105,128,109,108,113,117,117,115,117,117,116,128,128,122,122,119,128,120,120,128,87,93,115,80,77,109,109,109,116,113,112,127,111,100,128,105,128,128,128,128,93,93,78,83,70,85,93,128,93,92,127,127,126,127,127,113,113,113,113,51,51,42,49,88,85,63,55,55,40,35,31,40,39,39,40,39,36,40,28,40,34,40,30,40,40,40,40,35,35,40,40,34,38,38,40,39,39,39,40,40,40,40,40,40,30,30,30,30,30,29,30,24,30,23,30,635,663,137,188,114,105,117,60,127,113,63,65,30,129,3,40
614,605,0,45,11,11,13,13,3,12,26,20,50,50,24,24,24,140,140,104,140,140,128,140,141,140,140,133,113,140,140,126,140,140,133,129,112,141,116,127,126,130,130,128,130,130,130,141,141,135,135,132,141,127,127,141,88,102,134,89,86,105,105,105,129,126,125,140,124,112,141,111,141,141,141,141,102,102,89,98,85,94,102,141,102,102,140,140,139,140,140,126,126,126,126,51,51,42,50,101,81,62,53,53,40,35,32,40,38,39,40,39,37,38,26,40,34,40,31,40,40,40,40,35,35,40,40,34,38,38,40,40,40,40,40,40,40,40,40,40,30,30,30,30,30,30,30,24,30,24,30,621,649,134,180,126,112,130,60,140,126,62,65,30,142,3,40
54,40,45,0,32,32,36,24,26,11,28,27,47,47,36,36,33,58,58,52,58,52,52,58,54,52,52,43,52,52,52,52,52,52,45,50,60,54,54,48,56,54,54,51,54,54,54,54,52,47,47,51,54,54,54,54,41,41,39,28,39,38,38,38,52,52,48,52,47,54,54,40,54,54,53,54,41,41,30,27,27,39,41,54,41,39,52,50,49,52,52,54,54,54,54,41,41,41,40,50,49,33,47,47,44,39,30,44,30,42,43,44,41,33,27,44,38,44,40,44,44,41,48,43,48,48,44,39,48,47,47,48,48,38,43,48,48,48,44,48,48,48,48,44,48,48,48,43,48,25,43,54,54,40,44,54,60,54,43,50,54,33,44,48,52,21,48
15,13,11,32,0,724,522,356,3,4,8,7,8,8,25,25,25,13,13,13,13,10,10,13,11,10,10,3,10,10,10,10,10,10,10,10,10,10,10,9,10,10,10,10,10,10,10,10,10,10,10,7,10,10,10,10,14,14,8,6,12,14,14,14,13,13,9,13,13,12,11,4,11,11,11,11,14,14,12,12,12,14,14,10,14,14,11,11,11,11,11,11,11,11,11,15,15,15,15,11,18,19,18,18,21,21,15,21,19,21,21,21,18,19,8,21,15,21,18,21,21,21,18,18,18,18,18,15,18,18,18,18,18,11,15,18,18,18,18,18,18,18,18,18,18,18,18,18,18,16,15,15,15,19,13,12,10,10,8,11,11,19,15,17,11,1,18
15,13,11,32,724,0,522,356,3,4,8,7,8,8,25,25,25,13,13,13,13,10,10,13,11,10,10,3,10,10,10,10,10,10,10,10,10,10,10,9,10,10,10,10,10,10,10,10,10,10,10,7,10,10,10,10,14,14,8,6,12,14,14,14,13,13,9,13,13,12,11,4,11,11,11,11,14,14,12,12,12,14,14,10,14,14,11,11,11,11,11,11,11,11,11,15,15,15,15,11,18,19,18,18,21,21,15,21,19,21,21,21,18,19,8,21,15,21,18,21,21,21,18,18,18,18,18,15,18,18,18,18,18,11,15,18,18,18,18,18,18,18,18,18,18,18,18,18,18,16,15,15,15,19,13,12,10,10,8,11,11,19,15,17,11,1,18
19,13,13,36,522,522,0,346,3,4,8,7,8,8,27,27,27,17,17,17,17,14,14,17,15,14,14,7,14,14,14,14,14,14,14,14,14,14,14,13,14,14,14,14,14,14,14,14,14,14,14,11,14,14,14,14,28,28,11,20,26,28,28,28,17,17,13,17,17,16,15,8,15,15,15,15,28,28,21,24,24,28,28,14,28,28,15,15,15,15,15,15,15,15,15,29,29,29,29,15,32,26,32,32,35,35,29,35,26,35,35,35,32,22,8,35,29,35,32,35,35,35,32,32,32,32,32,29,32,32,32,32,32,23,29,32,32,32,32,32,32,32,32,32,32,32,32,32,32,28,29,19,19,33,13,16,14,14,8,15,15,26,15,31,15,1,32
15,13,13,24,356,356,346,0,5,4,8,5,8,8,31,31,31,13,13,13,13,10,10,13,10,10,10,3,10,10,10,10,10,10,10,10,10,10,10,10,10,10,10,10,10,10,10,10,10,10,10,7,10,10,10,10,24,24,10,16,22,24,24,24,13,13,9,13,13,13,10,5,10,10,10,10,24,24,21,24,24,24,24,10,24,24,10,10,10,10,10,12,12,12,12,24,24,24,24,10,27,25,27,27,30,30,24,30,25,30,30,30,27,21,7,30,24,30,26,30,30,30,27,27,27,27,27,24,27,27,27,27,27,18,24,27,27,27,27,27,27,27,27,27,27,27,27,27,27,27,24,15,15,29,13,13,10,10,8,10,12,25,14,27,10,2,27
3,3,3,26,3,3,3,5,0,35,12,0,16,16,44,44,44,8,8,8,8,6,6,8,10,6,5,6,6,6,6,6,5,6,2,5,6,6,6,6,6,6,6,6,6,6,6,6,6,6,6,6,6,6,6,6,10,10,6,9,9,6,8,8,7,7,7,7,7,5,7,6,7,7,7,7,9,9,6,9,9,8,9,5,10,9,11,7,3,7,7,11,11,11,11,11,10,10,11,7,16,16,16,14,15,15,13,15,11,15,15,15,15,11,14,15,15,15,15,15,15,15,16,16,14,16,12,15,16,16,16,16,16,14,19,15,16,16,12,16,16,16,16,12,16,16,16,15,14,8,15,3,3,9,10,6,6,6,16,7,11,16,16,14,11,236,16
12,12,12,11,4,4,4,4,35,0,22,10,25,25,21,21,21,24,24,24,24,24,24,24,24,23,18,23,20,24,24,24,18,24,13,18,24,24,24,24,24,24,24,24,24,24,24,24,24,24,24,24,24,24,24,24,24,24,24,16,23,24,24,24,24,24,24,24,24,18,24,20,24,24,24,24,23,23,18,23,23,20,23,23,24,18,25,21,16,21,21,21,21,21,21,21,20,20,21,21,25,25,25,21,25,25,11,25,21,20,25,25,25,25,15,25,28,25,25,25,25,25,25,25,21,25,25,25,25,25,25,25,25,21,25,25,25,25,25,25,25,25,25,25,25,25,25,25,21,15,25,12,12,15,15,24,24,24,25,21,21,25,25,25,25,27,25
26,26,26,28,8,8,8,8,12,22,0,14,31,31,33,22,36,26,26,26,27,27,27,27,23,27,27,15,27,27,27,27,22,27,20,22,27,27,27,27,27,24,27,27,27,27,24,27,22,27,27,24,27,27,27,27,27,27,27,14,25,26,26,26,23,23,19,23,23,23,23,12,23,23,23,23,23,23,23,23,23,23,23,23,23,17,34,48,47,34,34,34,34,34,34,48,48,47,48,43,34,33,34,29,33,33,9,33,33,33,33,33,25,33,23,26,27,26,29,33,28,33,34,34,33,34,34,32,34,34,34,30,30,34,34,34,34,29,34,34,34,34,34,34,23,34,34,34,34,20,27,26,26,35,30,23,27,27,31,48,34,33,33,38,34,17,34
20,23,20,27,7,7,7,5,0,10,14,0,19,19,18,18,18,18,18,18,22,22,22,22,20,19,19,14,19,19,19,19,19,19,13,18,19,24,23,23,23,23,23,20,23,23,23,23,20,16,16,23,23,23,23,23,23,23,16,13,23,18,18,18,18,18,17,18,13,20,20,11,20,20,20,20,20,20,20,15,15,18,20,20,20,20,18,18,18,18,18,18,18,18,18,18,18,18,17,18,18,18,18,18,18,13,5,18,18,17,18,18,18,18,11,18,15,18,17,18,18,18,18,13,18,18,18,14,18,18,18,18,18,18,18,18,18,18,18,18,18,18,18,18,18,18,18,13,18,13,18,23,23,20,20,20,22,23,19,18,18,18,18,22,18,1,18
50,50,50,47,8,8,8,8,16,25,31,19,0,694,128,126,124,187,187,163,208,202,184,198,185,175,164,169,172,187,177,168,167,189,171,174,164,203,181,175,175,177,179,180,181,181,168,185,178,162,175,172,185,185,166,185,169,169,174,146,129,153,156,170,160,153,152,161,151,128,153,141,147,147,146,146,129,129,115,125,125,110,128,146,135,122,177,160,151,162,162,162,159,162,162,181,173,170,172,147,175,176,183,177,218,196,171,210,182,172,192,210,182,200,184,210,192,210,166,203,202,187,198,184,185,198,175,181,192,184,184,159,158,161,174,192,198,171,192,185,185,185,185,171,185,175,185,161,162,155,185,51,51,30,80,149,176,181,660,160,162,173,213,268,172,15,198
50,50,50,47,8,8,8,8,16,25,31,19,694,0,128,126,124,183,183,159,202,196,178,192,183,169,158,163,166,181,171,162,161,183,165,168,158,197,179,173,173,175,177,178,179,179,166,183,176,160,173,170,183,183,164,183,167,167,172,144,129,151,154,168,160,153,152,161,151,128,153,139,147,147,146,146,129,129,115,125,125,110,128,146,135,120,175,158,149,160,160,160,159,160,160,179,171,168,172,145,173,174,181,175,216,195,169,208,180,170,190,208,180,198,182,208,190,208,164,201,200,187,196,184,183,196,173,181,190,182,182,157,157,159,172,190,196,169,190,183,183,183,183,169,183,173,183,159,160,153,183,51,51,30,80,149,170,179,632,158,160,171,211,262,170,15,196
24,23,24,36,25,25,27,31,44,21,33,18,128,128,0,456,448,153,152,150,162,156,142,157,168,128,127,116,130,135,128,126,127,142,121,132,128,155,139,126,139,135,129,138,139,139,119,149,142,119,141,134,148,144,120,148,152,152,148,149,148,153,156,181,170,156,151,144,156,143,152,106,152,152,133,147,149,149,133,146,146,138,150,142,123,118,214,190,177,218,218,220,204,206,220,194,186,185,174,176,203,155,187,173,164,161,118,170,165,154,179,170,141,156,127,157,149,154,126,161,162,163,186,177,169,186,166,163,177,188,187,177,176,175,172,179,191,157,187,173,175,175,175,171,161,158,178,162,153,146,164,25,25,39,39,151,142,139,128,190,220,155,173,162,180,20,191
24,23,24,36,25,25,27,31,44,21,22,18,126,126,456,0,529,158,158,159,147,147,131,147,155,118,117,106,120,131,118,121,117,132,107,122,116,146,126,113,126,122,118,125,126,126,106,137,130,107,129,122,136,132,108,136,140,140,129,141,139,141,144,169,159,150,142,134,145,130,142,93,138,138,123,138,141,141,125,138,138,130,142,134,113,106,188,163,150,189,189,191,176,177,191,167,159,158,146,153,171,142,160,152,158,157,123,166,161,141,175,166,135,150,128,162,146,160,122,158,158,162,182,173,167,182,158,154,173,184,175,173,169,171,167,175,191,149,183,168,174,174,174,170,174,158,177,161,149,155,172,25,25,31,35,138,131,126,126,163,191,142,161,139,158,20,187
24,23,24,33,25,25,27,31,44,21,36,18,124,124,448,529,0,146,146,147,135,135,119,135,145,106,105,100,108,119,106,112,105,120,98,112,105,134,121,108,121,117,121,120,121,121,101,132,129,102,124,117,131,127,103,131,135,135,124,133,134,136,139,164,148,139,131,123,134,119,131,94,128,128,124,128,130,130,114,127,127,119,131,123,108,98,190,177,164,191,191,193,178,179,193,181,173,172,159,167,174,152,163,149,167,167,124,176,171,151,185,176,145,160,138,169,156,167,131,168,168,172,185,176,168,185,160,164,175,186,177,176,172,174,170,178,194,152,186,171,177,177,177,173,165,160,180,164,152,154,173,25,25,33,39,127,119,121,124,177,193,152,170,140,160,20,190
154,127,140,58,13,13,17,13,8,24,26,18,187,183,153,158,146,0,708,631,557,420,356,493,391,363,352,347,323,375,359,347,355,377,321,341,321,391,335,322,344,343,335,338,349,345,328,355,344,336,359,341,360,341,327,369,316,337,333,273,264,298,318,316,297,288,284,299,301,278,339,266,306,306,287,305,265,265,220,248,235,239,265,292,279,284,354,320,309,341,341,327,305,319,313,212,212,197,181,231,283,240,211,206,219,211,188,221,174,178,207,220,187,210,157,215,203,215,164,221,213,217,216,207,206,216,193,177,201,214,193,202,198,189,182,197,216,190,216,203,193,193,193,193,191,165,193,182,178,164,180,155,155,55,67,305,328,339,198,320,327,240,245,191,354,8,216
154,127,140,58,13,13,17,13,8,24,26,18,187,183,152,158,146,708,0,617,543,420,356,488,386,363,352,347,323,375,359,347,355,377,321,341,321,391,335,322,344,343,335,338,349,345,328,355,344,336,359,341,360,341,327,369,316,337,333,273,264,298,318,316,297,288,284,299,296,273,334,266,306,306,287,305,265,265,220,248,235,239,265,292,279,284,354,320,309,341,341,327,305,319,313,212,212,197,181,231,283,240,211,206,219,211,188,221,174,178,207,220,187,210,157,215,203,215,164,221,213,217,216,207,206,216,193,177,201,214,193,202,198,189,182,197,216,190,216,203,193,193,193,193,191,165,193,182,178,164,180,155,155,55,67,300,328,339,198,320,327,240,245,191,354,8,216
118,97,104,52,13,13,17,13,8,24,26,18,163,159,150,159,147,631,617,0,484,403,352,456,349,366,355,350,326,378,362,358,344,380,317,343,374,394,345,304,312,325,317,326,331,327,299,344,333,308,331,312,331,340,338,352,315,331,305,266,255,293,307,307,299,287,283,302,303,286,324,283,277,277,254,276,256,256,211,236,226,230,256,263,273,278,295,246,235,267,267,253,245,245,253,188,188,176,157,220,255,233,203,198,223,214,191,224,175,179,208,223,190,211,158,218,206,218,167,221,216,220,218,209,208,218,194,180,204,217,196,205,201,192,183,198,219,190,219,204,196,196,196,196,194,168,196,185,181,167,183,119,119,62,51,299,398,325,180,246,253,233,226,198,322,8,219
154,127,140,58,13,13,17,13,8,24,27,22,208,202,162,147,135,557,543,484,0,493,402,578,454,407,396,390,363,406,403,378,395,421,365,384,365,448,381,368,390,385,379,384,395,391,373,401,387,378,401,387,406,387,370,415,362,383,375,319,294,334,354,352,320,308,307,322,324,301,370,309,325,325,306,319,288,288,242,271,258,261,287,317,304,322,415,345,334,366,366,352,317,344,338,237,237,222,194,256,342,242,252,247,219,209,188,221,174,191,207,220,187,210,157,215,203,215,164,221,213,207,221,207,211,221,196,171,204,217,199,207,196,194,187,202,221,192,221,208,198,198,198,198,196,170,198,187,183,169,185,155,155,55,67,328,374,385,219,345,352,242,247,233,417,8,221
154,127,140,52,10,10,14,10,6,24,27,22,202,196,156,147,135,420,420,403,493,0,488,581,472,510,499,491,466,496,499,469,484,516,445,487,468,569,454,441,450,456,451,463,468,450,431,486,472,442,469,468,484,459,444,490,434,451,443,380,325,367,370,390,343,330,328,357,349,325,384,391,338,338,316,333,303,303,255,284,271,276,302,332,322,368,383,310,301,331,331,317,296,310,317,216,216,201,173,255,312,221,215,210,212,200,175,208,167,179,192,210,179,200,154,203,193,205,154,208,203,197,208,194,198,208,187,166,192,205,194,195,184,190,187,196,209,177,209,193,184,185,185,185,183,164,185,174,170,156,178,155,155,55,67,352,475,462,212,310,317,220,234,268,421,6,209
142,115,128,52,10,10,14,10,6,24,27,22,184,178,142,131,119,356,356,352,402,488,0,419,391,433,422,417,389,419,430,416,410,442,385,410,411,440,402,391,398,395,402,411,416,401,383,407,393,365,392,394,407,385,383,413,371,388,376,329,288,332,348,343,312,299,297,326,309,300,343,355,320,320,298,315,293,293,245,276,263,266,292,308,300,326,346,293,288,312,312,298,279,293,298,203,203,188,164,233,292,200,208,203,181,166,147,180,148,160,176,179,153,169,123,172,168,174,127,177,172,166,186,172,176,186,172,144,172,183,172,173,162,168,178,174,187,163,187,199,190,191,191,177,189,170,191,180,176,162,184,143,143,55,59,313,650,410,194,293,298,197,192,332,379,6,187
154,127,140,58,13,13,17,13,8,24,27,22,198,192,157,147,135,493,488,456,578,581,419,0,557,433,422,416,389,432,422,404,421,445,391,410,391,490,423,410,432,417,421,422,437,432,410,435,421,405,428,423,439,425,412,457,401,410,402,355,324,365,373,384,332,317,316,334,344,319,406,335,342,342,319,336,307,307,259,286,273,280,306,336,314,332,413,319,308,340,340,326,305,318,326,225,225,210,182,272,329,236,238,233,224,215,190,223,179,196,209,225,192,215,162,218,208,220,169,226,218,212,226,212,216,226,201,176,209,222,204,212,201,199,192,207,226,197,226,213,202,203,203,203,201,175,203,192,188,174,190,155,155,55,67,346,403,427,209,319,326,236,249,250,438,8,226
155,128,141,54,11,11,15,10,10,24,23,20,185,183,168,155,145,391,386,349,454,472,391,557,0,379,371,366,335,379,368,357,371,391,359,362,349,436,399,385,409,393,397,385,413,412,387,411,403,368,390,389,405,393,380,425,367,376,381,351,323,353,355,380,357,334,335,345,369,347,447,331,371,371,347,363,338,338,290,310,297,311,334,367,313,313,479,349,336,370,370,356,335,346,356,250,250,235,208,297,355,241,240,235,214,205,179,212,182,199,212,214,181,205,151,207,197,207,154,215,207,201,231,217,221,231,208,188,214,227,209,217,206,212,205,212,231,202,231,218,205,208,208,208,206,176,208,197,193,179,201,156,156,56,67,374,370,403,196,349,356,241,238,218,519,10,231
154,127,140,52,10,10,14,10,6,23,27,19,175,169,128,118,106,363,363,366,407,510,433,433,379,0,710,654,663,668,678,644,670,696,601,672,665,626,501,488,483,486,487,510,515,498,464,504,492,481,508,498,498,490,489,533,448,490,482,405,345,363,370,373,352,339,337,385,338,306,360,485,324,324,298,319,278,278,230,258,245,251,276,323,327,373,328,272,267,293,293,279,258,272,279,178,178,166,141,254,269,189,200,195,166,157,131,164,137,159,162,166,140,156,117,161,155,161,114,164,159,153,181,167,171,181,173,139,165,178,167,168,157,163,173,169,182,158,182,194,184,186,186,172,184,165,186,175,171,157,179,155,155,55,67,331,443,505,185,272,279,186,188,254,348,6,182
154,127,140,52,10,10,14,10,5,18,27,19,164,158,127,117,105,352,352,355,396,499,422,422,371,710,0,643,655,657,667,633,670,685,590,671,654,615,490,477,472,475,476,499,504,487,453,493,481,470,497,487,487,479,478,522,437,479,474,394,334,352,359,362,345,332,330,378,331,306,352,478,316,316,290,311,270,270,222,250,237,243,268,315,319,373,320,271,266,292,292,278,257,271,278,177,177,165,140,253,261,181,192,187,158,149,123,156,129,155,154,158,132,148,116,153,147,153,106,156,151,145,173,159,163,173,165,131,157,170,159,160,149,155,165,161,174,150,174,186,176,178,178,164,176,157,178,167,163,149,171,155,155,55,67,324,432,494,174,271,278,178,180,243,340,5,174
147,120,133,43,3,3,7,3,6,23,15,14,169,163,116,106,100,347,347,350,390,491,417,416,366,654,643,0,610,626,639,597,626,654,567,636,612,595,483,474,465,468,474,492,497,480,450,487,487,467,494,493,484,476,477,519,434,476,468,399,339,349,356,357,341,328,334,374,327,297,349,482,317,317,299,312,272,272,224,252,239,245,270,317,324,356,315,272,267,280,280,266,249,263,266,178,178,166,135,254,258,187,189,184,162,153,132,160,133,145,158,162,145,152,117,158,163,158,121,160,155,149,168,154,158,168,152,133,156,165,154,155,144,150,160,156,169,151,169,180,170,172,172,159,170,152,172,161,157,144,167,148,148,47,60,324,427,487,179,272,266,184,184,238,337,6,169
124,103,113,52,10,10,14,10,6,20,27,19,172,166,130,120,108,323,323,326,363,466,389,389,335,663,655,610,0,624,634,601,629,652,557,631,618,582,457,450,439,442,443,466,471,454,420,466,454,451,478,456,454,456,445,489,410,452,456,368,307,324,331,334,308,295,293,341,294,278,316,441,280,280,254,275,240,240,192,223,212,213,238,279,289,335,284,230,225,251,251,237,216,230,237,166,166,154,139,222,243,169,178,173,156,147,121,154,128,153,152,156,130,146,118,151,145,151,110,154,149,143,171,157,161,171,160,129,155,168,157,158,147,159,163,159,172,148,172,184,174,176,176,162,174,155,176,165,161,147,169,125,125,53,67,300,399,461,180,230,237,166,170,240,304,6,172
154,127,140,52,10,10,14,10,6,24,27,19,187,181,135,131,119,375,375,378,406,496,419,432,379,668,657,626,624,0,650,622,640,668,595,640,626,599,487,474,480,472,473,496,501,489,459,490,478,461,488,478,478,470,469,513,428,470,462,385,347,363,365,368,360,350,345,393,346,312,368,461,332,332,306,332,286,286,238,266,253,259,284,331,335,345,328,272,267,293,293,279,267,272,279,178,178,166,137,254,269,195,200,195,172,163,137,170,143,155,168,172,146,162,116,167,161,167,120,170,165,162,187,173,177,187,171,153,171,184,179,174,171,169,179,175,188,164,188,200,190,192,192,178,190,171,192,181,177,163,185,155,155,55,67,339,429,491,197,272,279,192,194,240,348,6,188
154,126,140,52,10,10,14,10,6,24,27,19,177,171,128,118,106,359,359,362,403,499,430,422,368,678,667,639,634,650,0,621,651,678,581,650,636,615,492,491,474,477,478,501,506,489,469,495,483,475,502,492,493,484,483,527,442,484,474,399,339,352,366,362,348,335,333,381,334,303,356,474,327,327,301,322,283,283,251,263,250,256,282,328,332,364,322,278,273,293,293,279,264,278,279,184,184,172,148,263,263,184,196,191,160,151,137,160,135,143,158,160,147,150,104,155,149,155,120,158,154,147,175,161,165,175,159,133,171,172,161,170,159,157,167,163,176,153,176,188,178,180,180,166,178,171,180,169,165,155,173,154,154,55,65,330,440,496,187,278,279,181,182,249,342,6,176
140,113,126,52,10,10,14,10,6,24,27,19,168,162,126,121,112,347,347,358,378,469,416,404,357,644,633,597,601,622,621,0,611,639,555,611,613,573,473,460,455,458,459,482,487,470,436,473,461,450,477,467,467,462,458,502,431,473,451,388,339,342,348,351,329,319,314,355,321,295,343,450,307,307,281,307,275,275,227,255,242,248,273,300,318,352,306,250,245,271,271,257,242,250,257,170,170,158,134,239,259,188,189,184,168,159,133,166,139,152,164,168,142,158,112,163,157,163,118,166,161,155,183,169,173,183,174,146,167,180,174,170,164,165,175,171,184,160,184,196,186,188,188,174,186,167,188,177,173,159,181,141,141,55,64,314,426,482,178,250,257,185,188,241,326,6,184
154,127,140,52,10,10,14,10,5,18,22,19,167,161,127,117,105,355,355,344,395,484,410,421,371,670,670,626,629,640,651,611,0,668,578,652,626,598,487,474,469,481,473,496,501,484,459,486,474,467,494,484,484,476,475,519,434,476,472,391,331,352,359,362,335,322,320,368,321,296,356,462,320,320,294,315,274,274,227,254,241,247,272,319,323,373,320,275,270,296,296,282,261,275,282,181,181,170,138,264,255,181,195,190,158,150,129,157,132,150,157,159,141,151,114,154,148,154,110,160,168,146,172,158,162,172,157,131,157,170,159,165,154,153,165,161,172,173,172,186,174,176,176,162,174,158,176,165,161,147,169,155,155,55,62,314,417,491,177,275,282,178,181,239,329,5,172
154,127,140,52,10,10,14,10,6,24,27,19,189,183,142,132,120,377,377,380,421,516,442,445,391,696,685,654,652,668,678,639,668,0,599,668,654,626,504,491,486,489,490,513,518,501,467,507,495,484,511,501,501,493,492,536,451,493,485,408,348,365,372,375,366,353,351,399,352,318,374,499,336,336,310,331,290,290,242,270,257,263,288,335,339,371,339,286,281,307,307,293,272,286,293,192,192,180,149,268,283,203,214,209,180,171,145,178,151,163,176,180,154,170,124,175,169,175,128,178,173,167,195,181,185,195,179,153,179,192,181,182,171,177,187,183,196,172,196,208,198,200,200,186,198,179,200,189,185,171,193,155,155,55,67,345,452,508,199,286,293,200,202,268,362,6,196
147,120,133,45,10,10,14,10,2,13,20,13,171,165,121,107,98,321,321,317,365,445,385,391,359,601,590,567,557,595,581,555,578,599,0,571,562,535,454,441,445,439,440,467,468,457,424,463,451,429,456,446,446,444,437,481,394,436,439,374,319,346,344,354,331,318,316,364,318,281,344,431,313,313,287,308,268,268,222,248,235,241,266,312,310,319,311,259,259,280,280,266,245,259,266,165,165,153,129,240,246,168,189,184,151,143,123,150,138,137,150,152,126,144,108,147,141,147,112,153,145,139,168,154,158,168,157,125,151,164,160,154,143,159,167,163,168,147,168,182,170,172,172,158,170,158,172,161,157,153,165,148,148,48,59,308,395,465,181,259,266,165,174,219,321,2,168
143,116,129,50,10,10,14,10,5,18,22,18,174,168,132,122,112,341,341,343,384,487,410,410,362,672,671,636,631,640,650,611,652,668,571,0,627,602,505,492,477,490,492,514,519,502,468,480,478,457,484,477,477,466,465,509,427,466,460,384,324,340,347,350,363,339,348,368,349,304,342,474,309,309,287,304,263,263,226,243,230,242,261,308,309,359,311,267,262,283,283,277,256,270,277,173,173,172,130,276,278,199,197,192,168,159,133,166,139,159,164,168,142,158,123,163,157,163,116,166,161,155,177,163,167,177,161,138,161,174,163,164,153,159,169,165,178,154,178,190,180,182,182,168,180,161,182,171,167,153,175,144,144,55,67,322,419,509,184,267,277,193,199,253,331,5,178
126,105,112,60,10,10,14,10,6,24,27,19,164,158,128,116,105,321,321,374,365,468,411,391,349,665,654,612,618,626,636,613,626,654,562,627,0,584,488,447,442,445,446,469,474,457,423,463,451,440,467,457,457,477,476,492,433,463,441,390,330,348,355,358,323,310,308,356,309,291,331,465,295,295,269,290,263,263,215,243,233,236,261,294,300,345,299,243,238,264,264,250,229,243,250,177,177,165,142,232,253,185,199,194,165,156,130,163,136,155,161,165,139,155,113,160,154,160,115,163,158,152,180,166,170,180,174,140,164,177,166,167,156,162,172,168,181,159,181,193,183,185,185,171,183,164,185,174,172,156,178,127,127,62,58,302,463,464,181,243,250,182,179,251,319,6,181
155,128,141,54,10,10,14,10,6,24,27,24,203,197,155,146,134,391,391,394,448,569,440,490,436,626,615,595,582,599,615,573,598,626,535,602,584,0,529,515,511,525,515,525,543,521,492,560,546,523,550,539,541,536,523,579,491,536,524,451,377,391,393,413,370,357,355,389,364,332,411,448,333,333,307,328,298,298,250,271,258,271,297,343,347,390,358,300,291,321,321,307,286,300,307,206,206,194,163,282,288,199,220,215,196,187,161,194,167,179,192,196,165,186,140,189,179,191,140,194,189,183,208,194,198,208,187,166,192,205,194,195,184,190,187,196,209,177,209,193,184,185,185,185,183,164,185,174,170,156,178,156,156,56,68,359,450,533,213,300,307,198,218,265,366,6,209
130,109,116,54,10,10,14,10,6,24,27,23,181,179,139,126,121,335,335,345,381,454,402,423,399,501,490,483,457,487,492,473,487,504,454,505,488,529,0,682,668,668,682,682,710,654,648,616,602,539,566,559,545,576,575,591,519,552,524,452,395,406,413,420,382,358,367,351,350,289,377,430,310,310,285,305,280,280,243,251,241,259,279,339,344,386,323,267,262,288,288,282,261,275,282,187,187,186,143,302,285,209,214,209,177,169,143,176,153,163,176,178,154,170,124,171,167,173,125,179,171,165,191,177,181,191,175,148,174,187,176,177,166,172,184,180,191,170,191,205,194,195,195,181,193,173,195,184,180,168,188,131,131,63,67,316,437,682,199,267,282,203,209,263,326,6,191
130,108,127,48,9,9,13,10,6,24,27,23,175,173,126,113,108,322,322,304,368,441,391,410,385,488,477,474,450,474,491,460,474,491,441,492,447,515,682,0,654,654,668,668,696,640,647,602,588,530,557,550,536,539,538,582,498,543,527,443,386,372,379,386,369,345,354,338,337,287,363,403,301,301,276,296,274,274,251,256,243,253,273,333,338,380,310,261,256,275,275,269,255,269,269,175,175,174,137,299,269,191,195,190,158,150,132,157,140,144,157,159,138,153,107,152,148,154,116,160,152,146,172,158,162,172,156,129,181,168,157,164,153,154,165,161,172,151,172,186,175,176,176,162,174,164,176,165,161,155,169,131,131,49,67,314,398,668,186,261,269,185,196,246,313,6,172
140,113,126,56,10,10,14,10,6,24,27,23,175,173,139,126,121,344,344,312,390,450,398,432,409,483,472,465,439,480,474,455,469,486,445,477,442,511,668,654,0,640,654,654,682,634,637,598,584,521,548,555,541,536,529,573,503,534,506,448,408,395,394,401,368,357,353,347,336,291,373,398,320,320,295,315,290,290,253,261,248,269,289,349,340,368,333,277,272,298,298,296,275,289,296,183,183,182,139,288,278,198,209,204,173,165,139,172,149,159,172,175,150,166,122,167,163,169,125,175,167,161,187,173,181,187,171,146,172,185,172,173,162,168,180,176,187,166,187,201,194,195,195,181,193,173,195,184,180,168,188,141,141,56,64,318,391,654,186,277,296,193,203,243,336,6,187
144,117,130,54,10,10,14,10,6,24,24,23,177,175,135,122,117,343,343,325,385,456,395,417,393,486,475,468,442,472,477,458,481,489,439,490,445,525,668,654,640,0,654,661,682,629,635,613,599,535,562,553,539,538,532,576,492,548,520,446,392,389,393,402,390,366,375,359,358,297,374,404,316,316,291,311,286,286,249,262,249,265,285,345,352,394,327,275,270,296,296,290,269,283,290,181,181,181,137,302,284,198,206,201,173,165,139,172,149,159,172,174,153,166,120,167,163,169,121,175,170,161,184,170,174,184,169,143,169,182,171,172,161,165,178,173,184,169,184,187,176,177,177,174,175,155,177,166,162,150,170,145,145,56,67,324,399,655,187,275,290,195,205,242,333,6,184
144,117,130,54,10,10,14,10,6,24,27,23,179,177,129,118,121,335,335,317,379,451,402,421,397,487,476,474,443,473,478,459,473,490,440,492,446,515,682,668,654,654,0,668,696,640,634,602,591,525,552,545,542,534,546,577,504,538,510,438,381,385,392,399,380,356,365,349,348,287,375,410,310,310,296,305,279,279,242,250,237,258,278,338,355,386,326,281,276,292,292,286,265,279,286,187,187,186,143,316,281,198,204,199,171,163,137,170,147,157,170,172,148,164,118,171,161,173,119,173,165,159,181,167,171,181,165,148,164,177,166,167,156,162,174,170,181,160,181,195,184,185,185,171,185,163,185,174,170,164,185,145,145,50,67,314,409,668,190,281,286,192,203,253,328,6,181
142,115,128,51,10,10,14,10,6,24,27,20,180,178,138,125,120,338,338,326,384,463,411,422,385,510,499,492,466,496,501,482,496,513,467,514,469,525,682,668,654,661,668,0,696,640,634,612,598,543,570,566,552,543,542,586,502,551,528,459,402,398,395,404,391,367,376,360,360,294,363,425,317,317,292,312,284,284,247,263,250,263,283,343,340,385,326,270,265,291,291,285,264,278,285,176,176,175,132,301,287,199,210,205,176,169,142,175,152,163,175,177,153,169,123,170,166,172,124,178,170,164,190,177,180,190,174,147,173,186,175,176,165,171,183,179,190,169,190,204,193,194,194,180,192,172,194,184,179,167,187,143,143,54,65,321,418,676,190,270,285,193,208,262,335,6,190
144,117,130,54,10,10,14,10,6,24,27,23,181,179,139,126,121,349,349,331,395,468,416,437,413,515,504,497,471,501,506,487,501,518,468,519,474,543,710,696,682,682,696,696,0,668,662,630,616,553,580,573,559,562,561,605,521,566,538,466,409,399,406,413,396,372,381,365,364,303,391,430,324,324,299,319,294,294,257,265,252,273,293,353,358,400,337,281,276,302,302,296,275,289,296,187,187,186,143,316,292,204,214,209,177,169,143,176,153,163,176,178,154,170,124,171,167,173,125,179,171,165,191,177,181,191,175,148,174,187,176,177,166,172,184,180,191,170,191,205,194,195,195,181,193,173,195,184,180,168,188,145,145,56,67,330,423,696,192,281,296,198,209,263,340,6,191
144,117,130,54,10,10,14,10,6,24,27,23,181,179,139,126,121,345,345,327,391,450,401,432,412,498,487,480,454,489,489,470,484,501,457,502,457,521,654,640,634,629,640,640,668,0,616,586,572,520,547,540,526,542,541,585,488,533,519,433,390,386,385,392,396,372,381,365,364,303,390,416,324,324,299,319,294,294,257,265,252,273,293,353,358,372,336,281,276,302,302,296,275,289,296,187,187,186,143,316,290,203,213,208,175,167,141,174,151,161,174,176,152,168,122,170,165,171,123,177,169,163,190,176,180,190,175,147,173,186,175,176,165,171,184,179,190,169,190,204,193,194,194,180,192,172,194,183,179,167,187,145,145,56,67,330,408,668,192,281,296,198,207,248,339,6,190
144,116,130,54,10,10,14,10,6,24,24,23,168,166,119,106,101,328,328,299,373,431,383,410,387,464,453,450,420,459,469,436,459,467,424,468,423,492,648,647,637,635,634,634,662,616,0,575,561,512,539,532,518,525,511,555,479,525,497,425,382,376,375,382,365,341,350,334,333,276,357,382,303,303,278,298,276,276,247,252,239,255,275,335,340,375,316,268,263,282,282,276,262,276,276,174,174,173,137,297,271,184,194,189,157,149,137,156,133,143,156,158,144,150,104,151,147,153,119,159,157,145,171,157,161,171,155,128,167,167,156,170,159,152,164,160,171,156,171,185,174,175,175,161,173,167,175,164,160,148,168,144,144,56,61,303,379,634,179,268,276,178,189,230,319,6,171
155,128,141,54,10,10,14,10,6,24,27,23,185,183,149,137,132,355,355,344,401,486,407,435,411,504,493,487,466,490,495,473,486,507,463,480,463,560,616,602,598,613,602,612,630,586,575,0,710,581,608,588,579,575,559,615,529,588,566,495,419,405,406,434,373,360,358,370,341,299,378,416,320,320,295,315,291,291,243,267,254,264,290,350,357,409,345,291,282,312,312,298,277,291,298,197,197,185,160,287,273,184,198,193,179,170,144,177,165,166,179,179,150,171,139,172,162,174,150,179,172,166,193,179,183,193,171,149,175,188,184,178,167,201,178,187,192,162,192,178,167,168,168,168,166,153,168,157,153,141,161,156,156,56,67,326,411,618,195,291,298,183,201,227,346,6,192
155,128,141,52,10,10,14,10,6,24,22,20,178,176,142,130,129,344,344,333,387,472,393,421,403,492,481,487,454,478,483,461,474,495,451,478,451,546,602,588,584,599,591,598,616,572,561,710,0,567,594,574,565,561,545,601,515,574,552,481,405,394,395,423,365,352,350,362,333,291,370,416,312,312,293,307,283,283,235,259,246,256,282,342,350,407,337,290,281,304,304,290,269,283,290,196,196,184,159,286,265,184,190,185,179,170,144,177,165,166,179,179,150,171,139,172,162,174,150,179,172,166,185,171,175,185,163,146,167,180,176,170,159,193,170,179,184,154,184,170,159,160,160,160,158,145,160,149,145,133,153,156,156,56,67,318,397,604,188,290,290,183,201,213,338,6,184
149,122,135,47,10,10,14,10,6,24,27,16,162,160,119,107,102,336,336,308,378,442,365,405,368,481,470,467,451,461,475,450,467,484,429,457,440,523,539,530,521,535,525,543,553,520,512,581,567,0,697,610,601,603,599,641,557,630,655,514,439,376,383,402,330,317,315,336,305,258,330,382,283,283,258,278,250,250,202,236,223,227,249,309,331,401,316,269,260,286,286,272,250,269,267,175,175,163,147,258,233,160,179,174,157,156,123,156,134,145,156,158,129,150,112,151,141,153,116,159,151,147,173,166,163,173,152,138,160,169,158,159,148,160,153,167,173,146,173,159,148,149,149,149,147,128,149,147,142,122,142,150,150,50,61,283,367,539,173,269,272,159,180,206,307,6,173
149,122,135,47,10,10,14,10,6,24,27,16,175,173,141,129,124,359,359,331,401,469,392,428,390,508,497,494,478,488,502,477,494,511,456,484,467,550,566,557,548,562,552,570,580,547,539,608,594,697,0,637,628,630,612,668,584,657,682,536,461,398,405,424,352,339,337,349,327,278,352,401,305,305,280,300,272,272,224,258,245,249,271,331,358,428,338,291,282,308,308,294,272,291,289,197,197,185,169,280,256,173,190,185,170,169,136,169,147,158,169,171,142,163,125,164,154,166,121,172,164,160,184,177,174,184,163,147,171,180,169,170,159,171,164,173,184,155,184,170,159,160,160,160,158,139,160,156,145,133,153,150,150,50,61,305,394,566,186,291,294,172,193,217,329,6,184
146,119,132,51,7,7,11,7,6,24,24,23,172,170,134,122,117,341,341,312,387,468,394,423,389,498,487,493,456,478,492,467,484,501,446,477,457,539,559,550,555,553,545,566,573,540,532,588,574,610,637,0,670,609,607,656,604,626,595,581,516,403,402,416,347,334,339,341,315,283,344,398,337,337,312,332,319,319,268,281,274,284,318,378,332,397,329,277,268,294,294,280,263,277,280,189,189,179,145,264,262,175,201,196,173,165,140,172,149,159,172,174,173,166,127,167,171,169,131,175,167,161,187,173,177,187,166,144,174,183,172,173,162,168,171,176,187,169,187,178,167,168,168,168,166,147,168,157,153,141,161,147,147,47,62,310,384,565,175,277,280,174,194,229,333,6,187
155,128,141,54,10,10,14,10,6,24,27,23,185,183,148,136,131,360,360,331,406,484,407,439,405,498,487,484,454,478,493,467,484,501,446,477,457,541,545,536,541,539,542,552,559,526,518,579,565,601,628,670,0,600,601,647,651,617,586,568,494,401,413,430,346,333,331,340,324,292,353,378,350,350,325,345,331,331,280,293,280,296,330,390,344,416,348,297,288,314,314,300,283,297,300,203,203,193,159,284,274,187,207,202,186,178,152,185,163,172,185,187,159,179,133,180,170,182,131,188,180,174,200,186,190,200,179,157,187,196,185,186,175,181,180,189,200,171,200,186,175,176,176,176,174,155,176,165,161,150,169,156,156,56,67,319,396,551,194,297,300,186,209,237,345,6,200
141,120,127,54,10,10,14,10,6,24,27,23,185,183,144,132,127,341,341,340,387,459,385,425,393,490,479,476,456,470,484,462,476,493,444,466,477,536,576,539,536,538,534,543,562,542,525,575,561,603,630,609,600,0,640,668,574,609,602,512,433,409,416,438,339,326,324,336,307,269,349,402,302,302,277,297,269,269,221,248,238,242,268,328,335,394,331,279,270,296,296,282,265,279,282,199,199,187,166,273,256,181,197,192,173,165,139,172,154,160,172,174,145,166,132,167,157,169,128,175,167,161,187,173,177,187,166,144,174,183,175,173,162,178,169,178,187,158,187,173,162,163,163,163,161,145,163,152,148,136,156,142,142,63,67,296,409,548,203,279,282,180,196,224,322,6,187
141,120,127,54,10,10,14,10,6,24,27,23,166,164,120,108,103,327,327,338,370,444,383,412,380,489,478,477,445,469,483,458,475,492,437,465,476,523,575,538,529,532,546,542,561,541,511,559,545,599,612,607,601,640,0,668,575,601,584,498,438,412,419,424,348,335,333,355,316,278,360,398,307,307,282,302,272,272,224,246,236,245,271,331,339,384,315,265,259,282,282,268,251,265,268,185,185,173,141,273,254,190,208,203,168,160,134,167,144,154,167,169,147,161,115,162,160,164,124,170,162,156,184,170,174,184,166,141,171,180,169,170,159,165,175,176,184,165,184,182,171,172,172,172,170,151,172,163,157,145,165,142,142,63,67,305,419,547,184,265,268,189,191,233,319,6,184
155,128,141,54,10,10,14,10,6,24,27,23,185,183,148,136,131,369,369,352,415,490,413,457,425,533,522,519,489,513,527,502,519,536,481,509,492,579,591,582,573,576,577,586,605,585,555,615,601,641,668,656,647,668,668,0,609,657,640,554,480,419,426,445,379,366,364,376,347,309,391,428,335,335,310,330,302,302,254,276,263,275,301,361,369,428,359,307,298,324,324,310,293,307,310,213,213,201,169,315,277,190,211,206,187,179,153,186,163,173,186,188,159,180,134,181,171,183,132,189,181,175,201,187,191,201,180,158,188,197,186,187,176,182,181,190,201,172,201,187,176,177,177,177,175,156,177,166,162,150,170,156,156,56,67,336,421,591,196,307,310,189,210,238,350,6,201
102,87,88,41,14,14,28,24,10,24,27,23,169,167,152,140,135,316,316,315,362,434,371,401,367,448,437,434,410,428,442,431,434,451,394,427,433,491,519,498,503,492,504,502,521,488,479,529,515,557,584,604,651,574,575,609,0,651,542,580,506,391,411,426,296,283,281,290,274,256,315,341,283,283,258,278,342,342,290,313,301,307,341,323,377,450,304,252,243,269,269,255,238,252,255,231,231,221,187,259,282,197,233,228,207,199,173,206,180,193,206,208,179,187,141,201,191,203,152,209,201,195,221,207,211,221,194,178,208,217,206,207,196,196,201,210,221,192,215,207,196,197,197,191,195,176,197,186,182,164,190,103,103,91,48,269,372,507,180,252,255,196,195,258,295,10,221
116,93,102,41,14,14,28,24,10,24,27,23,169,167,152,140,135,337,337,331,383,451,388,410,376,490,479,476,452,470,484,473,476,493,436,466,463,536,552,543,534,548,538,551,566,533,525,588,574,630,657,626,617,609,601,657,651,0,615,602,528,408,415,434,334,321,319,331,302,278,338,383,291,291,266,286,336,336,287,315,302,309,335,317,422,495,320,273,264,290,290,276,254,273,271,238,238,226,194,276,287,197,233,228,207,199,173,206,180,193,206,208,179,187,141,201,191,203,152,209,201,195,221,207,211,221,194,178,208,217,206,207,196,196,201,210,221,192,215,207,196,197,197,191,195,176,197,186,182,164,190,117,117,91,48,291,390,552,180,273,276,196,195,258,311,10,221
135,115,134,39,8,8,11,10,6,24,27,16,174,172,148,129,124,333,333,305,375,443,376,402,381,482,474,468,456,462,474,451,472,485,439,460,441,524,524,527,506,520,510,528,538,519,497,566,552,655,682,595,586,602,584,640,542,615,0,494,419,383,390,409,340,327,325,337,315,271,340,389,291,291,266,286,258,258,220,257,244,235,257,317,344,394,338,277,268,294,294,280,258,277,275,189,189,177,161,266,272,201,191,186,190,189,156,189,166,178,189,191,160,187,135,184,174,186,141,192,184,166,204,197,194,204,183,167,191,200,189,190,179,192,184,193,204,175,204,190,179,180,180,180,178,159,180,176,165,156,173,136,136,41,61,298,378,524,185,277,280,200,221,207,324,6,204
103,80,89,28,6,6,20,16,9,16,14,13,146,144,149,141,133,273,273,266,319,380,329,355,351,405,394,399,368,385,399,388,391,408,374,384,390,451,452,443,448,446,438,459,466,433,425,495,481,514,536,581,568,512,498,554,580,602,494,0,571,368,367,409,319,299,302,287,287,259,309,327,307,307,280,302,390,390,326,352,339,355,389,371,323,387,306,254,246,271,271,257,240,254,257,219,219,209,177,255,266,177,208,203,188,181,166,188,172,175,188,190,164,168,142,183,180,185,148,191,183,177,203,189,193,203,175,155,190,199,195,189,178,187,189,198,203,170,197,189,178,179,179,173,177,165,179,168,160,149,172,104,104,78,35,273,319,458,155,254,257,176,182,229,293,9,203
100,77,86,39,12,12,26,22,9,23,25,23,129,129,148,139,134,264,264,255,294,325,288,324,323,345,334,339,307,347,339,339,331,348,319,324,330,377,395,386,408,392,381,402,409,390,382,419,405,439,461,516,494,433,438,480,506,528,419,571,0,329,321,346,321,278,305,303,309,308,342,268,340,340,313,319,453,453,396,415,402,411,439,394,332,302,289,248,235,265,265,256,252,239,256,213,213,203,177,226,258,178,189,184,158,152,123,156,135,143,156,158,141,136,101,151,155,153,122,159,151,154,171,161,165,171,149,138,159,168,166,157,157,150,169,164,171,151,165,171,169,170,170,164,168,153,170,159,151,138,163,101,101,84,32,322,278,405,138,248,256,178,159,198,290,9,171
