YP_898402.1,ZP_05061364.1,ZP_08324662.1,YP_122507.1,NP_907747.1,ADX75954.1,ZP_10206685.1,ZP_16930555.1,AAK33936.1,YP_820832.1,NP_721764.1,YP_004373648.1,ZP_08576281.1,ZP_03683851.1,YP_003171950.1,YP_003937986.1,EHN59352.1,ZP_08660870.1,YP_001691366.1,ZP_07316256.1,ZP_08029929.1,ZP_03989815.1,ZP_07455288.1,CBK78998.1,ZP_00143587.1,YP_005054169.1,ZP_07398877.1,NP_970941.1,ZP_07912707.1,ZP_02077990.1,YP_820161.1,EFT93846.1,YP_002937591.1,YP_015730.1,ZP_09312133.1,ADC31648.1,YP_278700.1,EIE39736.1,NP_907605.1,YP_002344900.1,YP_003516037.1,ZP_06887976.1,YP_003968716.1,ZP_09352959.1,YP_002507391.1,YP_002551549.1,YP_002342100.1,NP_246064.1,ZP_07738815.1,ZP_08574780.1,ZP_03755025.1,ZP_10953934.1,ADI19058.1,ZP_08157403.1,ZP_10010146.1,ZP_11150502.1,ZP_18919511.1,YP_425545.1,CCA84553.1,ZP_10898214.1,YP_004386148.1,YP_003552871.1,YP_003448082.1,YP_571550.1,YP_001239928.1,YP_001531750.1,YP_001411379.1,ZP_17295095.1,ZP_07217791.1,YP_005848005.1,YP_213533.1,ZP_10895610.1,ZP_11022414.1,ZP_09642280.1,YP_004843922.1,ZP_08837074.1,ZP_06288774.1,YP_001875142.1,YP_004248194.1,YP_873709.1,ZP_07880770.1,ZP_03925169.1,YP_001955845.1,YP_001878601.1,YP_004168469.1,ZP_08015909.1,J7RUA5.1,AEX66236.1,WP_013852048.1,EEZ71796.1,BAK69486.1
       0.0,     526.0,     469.0,     476.0,     559.0,     441.0,     444.0,     529.0,     466.0,     527.0,     508.0,     379.0,     497.0,     414.0,     441.0,     456.0,     481.0,     478.0,     495.0,     482.0,     463.0,     468.0,     491.0,     474.0,     488.0,     493.0,     496.0,     473.0,     407.0,     387.0,     406.0,     438.0,     405.0,     482.0,     497.0,     511.0,     459.0,     469.0,     349.0,     424.0,     344.0,     329.0,     413.0,     374.0,     363.0,     341.0,     331.0,     339.0,     268.0,     417.0,     388.0,     363.0,     299.0,     405.0,     377.0,     309.0,     300.0,     251.0,     262.0,     269.0,     288.0,     337.0,     258.0,     339.0,     246.0,     278.0,     301.0,     528.0,     495.0,     555.0,     479.0,     331.0,     376.0,     433.0,     486.0,     425.0,     402.0,     420.0,     365.0,     267.0,     319.0,     277.0,     279.0,     318.0,     402.0,     451.0,     402.0,     314.0,     450.0,     341.0,     422.0
     526.0,       0.0,     448.0,     444.0,     470.0,     378.0,     383.0,     410.0,     404.0,     446.0,     402.0,     390.0,     376.0,     394.0,     384.0,     445.0,     410.0,     452.0,     377.0,     412.0,     381.0,     364.0,     384.0,     387.0,     384.0,     381.0,     403.0,     409.0,     314.0,     340.0,     350.0,     348.0,     322.0,     352.0,     361.0,     411.0,     357.0,     389.0,     310.0,     309.0,     298.0,     298.0,     361.0,     333.0,     301.0,     292.0,     297.0,     315.0,     280.0,     313.0,     330.0,     330.0,     287.0,     331.0,     322.0,     320.0,     293.0,     258.0,     251.0,     271.0,     288.0,     325.0,     282.0,     316.0,     264.0,     290.0,     293.0,     382.0,     375.0,     462.0,     431.0,     308.0,     325.0,     435.0,     429.0,     376.0,     329.0,     348.0,     341.0,     299.0,     333.0,     282.0,     326.0,     304.0,     334.0,     459.0,     307.0,     307.0,     340.0,     307.0,     320.0
     469.0,     448.0,       0.0,     430.0,     421.0,     398.0,     393.0,     391.0,     406.0,     428.0,     380.0,     398.0,     413.0,     382.0,     351.0,     410.0,     380.0,     399.0,     362.0,     390.0,     404.0,     387.0,     391.0,     422.0,     410.0,     383.0,     383.0,     409.0,     336.0,     301.0,     311.0,     361.0,     332.0,     347.0,     347.0,     387.0,     370.0,     365.0,     302.0,     298.0,     287.0,     290.0,     355.0,     327.0,     306.0,     326.0,     308.0,     324.0,     309.0,     296.0,     344.0,     322.0,     329.0,     352.0,     351.0,     338.0,     334.0,     282.0,     292.0,     299.0,     298.0,     305.0,     330.0,     315.0,     253.0,     296.0,     323.0,     439.0,     390.0,     470.0,     375.0,     309.0,     321.0,     364.0,     401.0,     393.0,     361.0,     355.0,     362.0,     335.0,     355.0,     312.0,     340.0,     322.0,     322.0,     509.0,     331.0,     338.0,     331.0,     311.0,     319.0
     476.0,     444.0,     430.0,       0.0,     413.0,     353.0,     363.0,     361.0,     382.0,     380.0,     346.0,     331.0,     385.0,     327.0,     330.0,     354.0,     372.0,     357.0,     338.0,     369.0,     380.0,     335.0,     410.0,     350.0,     401.0,     353.0,     357.0,     393.0,     305.0,     293.0,     326.0,     338.0,     295.0,     357.0,     379.0,     371.0,     401.0,     340.0,     275.0,     320.0,     306.0,     232.0,     320.0,     299.0,     287.0,     247.0,     292.0,     289.0,     207.0,     279.0,     272.0,     265.0,     273.0,     291.0,     273.0,     244.0,     235.0,     214.0,     205.0,     220.0,     217.0,     252.0,     228.0,     242.0,     207.0,     214.0,     250.0,     401.0,     379.0,     464.0,     357.0,     269.0,     280.0,     372.0,     412.0,     365.0,     297.0,     351.0,     309.0,     225.0,     276.0,     244.0,     249.0,     245.0,     298.0,     383.0,     301.0,     246.0,     324.0,     304.0,     318.0
     559.0,     470.0,     421.0,     413.0,       0.0,     345.0,     403.0,     414.0,     384.0,     452.0,     420.0,     373.0,     392.0,     364.0,     384.0,     405.0,     386.0,     413.0,     400.0,     405.0,     406.0,     359.0,     395.0,     396.0,     416.0,     405.0,     415.0,     410.0,     338.0,     362.0,     358.0,     353.0,     364.0,     415.0,     402.0,     433.0,     387.0,     385.0,     321.0,     356.0,     316.0,     291.0,     374.0,     325.0,     319.0,     313.0,     328.0,     344.0,     263.0,     325.0,     341.0,     322.0,     299.0,     344.0,     338.0,     294.0,     312.0,     270.0,     272.0,     273.0,     261.0,     284.0,     271.0,     316.0,     291.0,     274.0,     312.0,     473.0,     405.0,     480.0,     462.0,     292.0,     354.0,     427.0,     445.0,     397.0,     329.0,     376.0,     358.0,     284.0,     330.0,     268.0,     278.0,     278.0,     378.0,     382.0,     343.0,     262.0,     376.0,     344.0,     350.0
     441.0,     378.0,     398.0,     353.0,     345.0,       0.0,     414.0,     432.0,     456.0,     436.0,     428.0,     355.0,     450.0,     444.0,     405.0,     398.0,     421.0,     431.0,     398.0,     413.0,     420.0,     394.0,     409.0,     423.0,     455.0,     427.0,     414.0,     429.0,     332.0,     316.0,     338.0,     322.0,     327.0,     377.0,     357.0,     431.0,     399.0,     392.0,     302.0,     290.0,     293.0,     239.0,     336.0,     295.0,     303.0,     266.0,     290.0,     295.0,     211.0,     307.0,     302.0,     270.0,     251.0,     323.0,     322.0,     255.0,     221.0,     208.0,     226.0,     208.0,     220.0,     249.0,     205.0,     253.0,     198.0,     206.0,     232.0,     438.0,     394.0,     460.0,     410.0,     282.0,     296.0,     396.0,     414.0,     354.0,     318.0,     352.0,     307.0,     207.0,     248.0,     238.0,     257.0,     286.0,     306.0,     348.0,     319.0,     228.0,     342.0,     292.0,     313.0
     444.0,     383.0,     393.0,     363.0,     403.0,     414.0,       0.0,     424.0,     414.0,     414.0,     404.0,     400.0,     409.0,     419.0,     376.0,     411.0,     426.0,     407.0,     398.0,     408.0,     389.0,     347.0,     377.0,     395.0,     387.0,     426.0,     382.0,     405.0,     323.0,     335.0,     310.0,     321.0,     311.0,     304.0,     341.0,     369.0,     363.0,     353.0,     291.0,     282.0,     278.0,     247.0,     328.0,     311.0,     276.0,     281.0,     286.0,     311.0,     220.0,     285.0,     316.0,     302.0,     246.0,     320.0,     287.0,     243.0,     268.0,     215.0,     251.0,     229.0,     259.0,     278.0,     271.0,     281.0,     272.0,     232.0,     229.0,     404.0,     373.0,     428.0,     385.0,     298.0,     317.0,     339.0,     368.0,     347.0,     320.0,     310.0,     335.0,     259.0,     282.0,     267.0,     291.0,     277.0,     309.0,     361.0,     315.0,     248.0,     308.0,     297.0,     293.0
     529.0,     410.0,     391.0,     361.0,     414.0,     432.0,     424.0,       0.0,     527.0,     523.0,     521.0,     382.0,     478.0,     476.0,     440.0,     420.0,     487.0,     494.0,     504.0,     480.0,     500.0,     446.0,     467.0,     450.0,     482.0,     496.0,     498.0,     507.0,     376.0,     357.0,     362.0,     353.0,     376.0,     445.0,     432.0,     436.0,     421.0,     417.0,     309.0,     344.0,     330.0,     251.0,     389.0,     357.0,     305.0,     277.0,     310.0,     322.0,     234.0,     362.0,     336.0,     314.0,     279.0,     372.0,     329.0,     254.0,     259.0,     212.0,     255.0,     229.0,     241.0,     272.0,     228.0,     269.0,     220.0,     254.0,     267.0,     446.0,     429.0,     509.0,     465.0,     266.0,     307.0,     408.0,     439.0,     404.0,     348.0,     396.0,     324.0,     231.0,     288.0,     267.0,     258.0,     268.0,     328.0,     370.0,     381.0,     234.0,     384.0,     310.0,     372.0
     466.0,     404.0,     406.0,     382.0,     384.0,     456.0,     414.0,     527.0,       0.0,     672.0,     741.0,     397.0,     459.0,     457.0,     438.0,     461.0,     478.0,     467.0,     506.0,     466.0,     452.0,     452.0,     456.0,     469.0,     449.0,     476.0,     488.0,     467.0,     361.0,     374.0,     349.0,     373.0,     335.0,     378.0,     393.0,     428.0,     395.0,     376.0,     290.0,     304.0,     331.0,     292.0,     370.0,     322.0,     311.0,     303.0,     323.0,     309.0,     286.0,     341.0,     321.0,     355.0,     289.0,     337.0,     336.0,     311.0,     322.0,     276.0,     273.0,     287.0,     304.0,     307.0,     256.0,     286.0,     254.0,     276.0,     284.0,     451.0,     428.0,     461.0,     437.0,     301.0,     322.0,     406.0,     441.0,     394.0,     393.0,     358.0,     336.0,     271.0,     295.0,     257.0,     271.0,     302.0,     373.0,     374.0,     373.0,     257.0,     361.0,     315.0,     342.0
     527.0,     446.0,     428.0,     380.0,     452.0,     436.0,     414.0,     523.0,     672.0,       0.0,     766.0,     424.0,     476.0,     448.0,     426.0,     467.0,     512.0,     515.0,     510.0,     507.0,     503.0,     445.0,     486.0,     465.0,     517.0,     528.0,     508.0,     484.0,     392.0,     381.0,     385.0,     393.0,     378.0,     407.0,     450.0,     452.0,     430.0,     431.0,     329.0,     338.0,     340.0,     300.0,     378.0,     383.0,     360.0,     318.0,     327.0,     341.0,     290.0,     365.0,     361.0,     320.0,     282.0,     381.0,     359.0,     309.0,     312.0,     244.0,     257.0,     261.0,     275.0,     320.0,     284.0,     305.0,     256.0,     262.0,     285.0,     465.0,     434.0,     498.0,     418.0,     312.0,     345.0,     439.0,     476.0,     436.0,     391.0,     403.0,     343.0,     253.0,     319.0,     262.0,     287.0,     330.0,     345.0,     396.0,     387.0,     288.0,     351.0,     334.0,     372.0
     508.0,     402.0,     380.0,     346.0,     420.0,     428.0,     404.0,     521.0,     741.0,     766.0,       0.0,     396.0,     451.0,     416.0,     410.0,     433.0,     466.0,     460.0,     510.0,     479.0,     448.0,     443.0,     465.0,     470.0,     454.0,     482.0,     489.0,     451.0,     351.0,     348.0,     353.0,     360.0,     341.0,     395.0,     407.0,     418.0,     411.0,     381.0,     299.0,     324.0,     312.0,     263.0,     369.0,     362.0,     320.0,     286.0,     307.0,     314.0,     278.0,     354.0,     359.0,     315.0,     266.0,     325.0,     328.0,     287.0,     312.0,     269.0,     304.0,     271.0,     273.0,     287.0,     268.0,     296.0,     250.0,     258.0,     273.0,     455.0,     401.0,     457.0,     442.0,     285.0,     325.0,     394.0,     425.0,     378.0,     349.0,     372.0,     312.0,     264.0,     285.0,     231.0,     263.0,     295.0,     352.0,     370.0,     356.0,     270.0,     340.0,     308.0,     327.0
     379.0,     390.0,     398.0,     331.0,     373.0,     355.0,     400.0,     382.0,     397.0,     424.0,     396.0,       0.0,     396.0,     361.0,     392.0,     431.0,     385.0,     386.0,     346.0,     407.0,     349.0,     371.0,     384.0,     413.0,     371.0,     380.0,     392.0,     359.0,     264.0,     286.0,     298.0,     295.0,     290.0,     291.0,     295.0,     365.0,     322.0,     312.0,     297.0,     230.0,     249.0,     316.0,     293.0,     297.0,     225.0,     315.0,     294.0,     314.0,     276.0,     308.0,     310.0,     338.0,     265.0,     311.0,     292.0,     299.0,     333.0,     296.0,     293.0,     313.0,     309.0,     266.0,     303.0,     347.0,     284.0,     272.0,     301.0,     343.0,     357.0,     386.0,     368.0,     323.0,     313.0,     345.0,     350.0,     355.0,     299.0,     313.0,     292.0,     295.0,     328.0,     305.0,     296.0,     304.0,     304.0,     341.0,     264.0,     304.0,     305.0,     297.0,     257.0
     497.0,     376.0,     413.0,     385.0,     392.0,     450.0,     409.0,     478.0,     459.0,     476.0,     451.0,     396.0,       0.0,     472.0,     392.0,     434.0,     425.0,     452.0,     484.0,     490.0,     449.0,     438.0,     440.0,     428.0,     482.0,     488.0,     478.0,     442.0,     364.0,     353.0,     360.0,     334.0,     355.0,     434.0,     422.0,     418.0,     426.0,     426.0,     267.0,     342.0,     308.0,     249.0,     356.0,     336.0,     359.0,     278.0,     281.0,     298.0,     238.0,     303.0,     335.0,     268.0,     248.0,     364.0,     270.0,     254.0,     241.0,     230.0,     236.0,     250.0,     245.0,     278.0,     234.0,     277.0,     215.0,     262.0,     257.0,     437.0,     427.0,     491.0,     437.0,     291.0,     321.0,     380.0,     427.0,     357.0,     296.0,     365.0,     317.0,     197.0,     244.0,     250.0,     239.0,     281.0,     306.0,     357.0,     345.0,     223.0,     358.0,     287.0,     337.0
     414.0,     394.0,     382.0,     327.0,     364.0,     444.0,     419.0,     476.0,     457.0,     448.0,     416.0,     361.0,     472.0,       0.0,     394.0,     426.0,     413.0,     431.0,     451.0,     444.0,     438.0,     389.0,     412.0,     396.0,     448.0,     458.0,     462.0,     439.0,     335.0,     324.0,     322.0,     331.0,     332.0,     363.0,     375.0,     411.0,     380.0,     364.0,     297.0,     303.0,     273.0,     246.0,     340.0,     303.0,     305.0,     290.0,     259.0,     247.0,     205.0,     293.0,     316.0,     290.0,     263.0,     321.0,     286.0,     259.0,     253.0,     196.0,     240.0,     247.0,     230.0,     263.0,     219.0,     276.0,     216.0,     199.0,     238.0,     395.0,     372.0,     442.0,     383.0,     262.0,     296.0,     353.0,     365.0,     356.0,     324.0,     342.0,     303.0,     229.0,     272.0,     230.0,     240.0,     283.0,     282.0,     309.0,     318.0,     225.0,     335.0,     262.0,     304.0
     441.0,     384.0,     351.0,     330.0,     384.0,     405.0,     376.0,     440.0,     438.0,     426.0,     410.0,     392.0,     392.0,     394.0,       0.0,     419.0,     440.0,     448.0,     394.0,     426.0,     372.0,     365.0,     395.0,     403.0,     376.0,     414.0,     406.0,     388.0,     319.0,     337.0,     326.0,     340.0,     322.0,     327.0,     350.0,     375.0,     341.0,     332.0,     285.0,     275.0,     271.0,     301.0,     315.0,     316.0,     265.0,     296.0,     280.0,     294.0,     261.0,     311.0,     307.0,     328.0,     317.0,     328.0,     272.0,     292.0,     315.0,     258.0,     294.0,     292.0,     285.0,     302.0,     282.0,     291.0,     285.0,     284.0,     302.0,     350.0,     371.0,     411.0,     380.0,     286.0,     294.0,     359.0,     360.0,     343.0,     319.0,     318.0,     324.0,     271.0,     288.0,     288.0,     279.0,     284.0,     323.0,     371.0,     299.0,     276.0,     318.0,     288.0,     277.0
     456.0,     445.0,     410.0,     354.0,     405.0,     398.0,     411.0,     420.0,     461.0,     467.0,     433.0,     431.0,     434.0,     426.0,     419.0,       0.0,     550.0,     482.0,     435.0,     452.0,     423.0,     396.0,     414.0,     457.0,     385.0,     425.0,     430.0,     398.0,     333.0,     315.0,     327.0,     345.0,     328.0,     327.0,     358.0,     383.0,     358.0,     371.0,     299.0,     302.0,     278.0,     318.0,     332.0,     323.0,     306.0,     333.0,     324.0,     328.0,     297.0,     316.0,     330.0,     352.0,     309.0,     321.0,     319.0,     293.0,     319.0,     298.0,     314.0,     312.0,     309.0,     322.0,     301.0,     328.0,     292.0,     289.0,     308.0,     373.0,     378.0,     423.0,     407.0,     344.0,     333.0,     396.0,     348.0,     380.0,     316.0,     333.0,     361.0,     308.0,     348.0,     314.0,     341.0,     292.0,     342.0,     403.0,     336.0,     296.0,     338.0,     329.0,     280.0
     481.0,     410.0,     380.0,     372.0,     386.0,     421.0,     426.0,     487.0,     478.0,     512.0,     466.0,     385.0,     425.0,     413.0,     440.0,     550.0,       0.0,     530.0,     429.0,     441.0,     410.0,     423.0,     386.0,     426.0,     398.0,     416.0,     467.0,     432.0,     351.0,     318.0,     340.0,     367.0,     315.0,     353.0,     353.0,     407.0,     386.0,     379.0,     284.0,     325.0,     299.0,     267.0,     310.0,     292.0,     279.0,     327.0,     298.0,     287.0,     249.0,     312.0,     299.0,     308.0,     310.0,     317.0,     297.0,     269.0,     329.0,     276.0,     277.0,     269.0,     264.0,     288.0,     252.0,     305.0,     269.0,     259.0,     261.0,     379.0,     411.0,     406.0,     374.0,     320.0,     314.0,     365.0,     367.0,     367.0,     333.0,     346.0,     332.0,     292.0,     281.0,     281.0,     303.0,     290.0,     326.0,     388.0,     322.0,     301.0,     333.0,     304.0,     305.0
     478.0,     452.0,     399.0,     357.0,     413.0,     431.0,     407.0,     494.0,     467.0,     515.0,     460.0,     386.0,     452.0,     431.0,     448.0,     482.0,     530.0,       0.0,     445.0,     456.0,     435.0,     390.0,     416.0,     437.0,     447.0,     436.0,     447.0,     446.0,     332.0,     364.0,     367.0,     351.0,     335.0,     378.0,     410.0,     419.0,     395.0,     396.0,     327.0,     317.0,     293.0,     300.0,     353.0,     322.0,     313.0,     298.0,     288.0,     308.0,     252.0,     340.0,     320.0,     326.0,     319.0,     358.0,     319.0,     310.0,     301.0,     266.0,     280.0,     293.0,     270.0,     327.0,     270.0,     332.0,     265.0,     267.0,     273.0,     413.0,     364.0,     481.0,     399.0,     315.0,     333.0,     406.0,     409.0,     372.0,     326.0,     360.0,     326.0,     257.0,     293.0,     297.0,     275.0,     282.0,     343.0,     377.0,     318.0,     292.0,     365.0,     306.0,     290.0
     495.0,     377.0,     362.0,     338.0,     400.0,     398.0,     398.0,     504.0,     506.0,     510.0,     510.0,     346.0,     484.0,     451.0,     394.0,     435.0,     429.0,     445.0,       0.0,     481.0,     545.0,     472.0,     530.0,     471.0,     557.0,     554.0,     577.0,     560.0,     388.0,     368.0,     380.0,     364.0,     381.0,     485.0,     492.0,     467.0,     471.0,     423.0,     291.0,     332.0,     306.0,     253.0,     392.0,     336.0,     365.0,     265.0,     292.0,     301.0,     226.0,     316.0,     335.0,     284.0,     264.0,     396.0,     320.0,     256.0,     254.0,     206.0,     233.0,     234.0,     256.0,     257.0,     207.0,     281.0,     197.0,     234.0,     246.0,     472.0,     435.0,     506.0,     452.0,     305.0,     375.0,     439.0,     450.0,     395.0,     365.0,     398.0,     323.0,     210.0,     281.0,     224.0,     244.0,     283.0,     391.0,     322.0,     382.0,     223.0,     384.0,     292.0,     371.0
     482.0,     412.0,     390.0,     369.0,     405.0,     413.0,     408.0,     480.0,     466.0,     507.0,     479.0,     407.0,     490.0,     444.0,     426.0,     452.0,     441.0,     456.0,     481.0,       0.0,     499.0,     445.0,     446.0,     466.0,     468.0,     506.0,     480.0,     470.0,     361.0,     345.0,     342.0,     352.0,     319.0,     397.0,     357.0,     397.0,     378.0,     385.0,     304.0,     328.0,     275.0,     299.0,     378.0,     364.0,     326.0,     307.0,     310.0,     296.0,     247.0,     318.0,     336.0,     323.0,     259.0,     341.0,     297.0,     288.0,     298.0,     258.0,     269.0,     270.0,     289.0,     291.0,     253.0,     308.0,     243.0,     264.0,     265.0,     430.0,     430.0,     472.0,     416.0,     313.0,     338.0,     405.0,     411.0,     392.0,     372.0,     338.0,     320.0,     221.0,     296.0,     258.0,     281.0,     285.0,     301.0,     375.0,     338.0,     274.0,     340.0,     313.0,     312.0
     463.0,     381.0,     404.0,     380.0,     406.0,     420.0,     389.0,     500.0,     452.0,     503.0,     448.0,     349.0,     449.0,     438.0,     372.0,     423.0,     410.0,     435.0,     545.0,     499.0,       0.0,     468.0,     508.0,     491.0,     540.0,     505.0,     521.0,     492.0,     358.0,     351.0,     374.0,     350.0,     363.0,     427.0,     409.0,     458.0,     439.0,     442.0,     302.0,     326.0,     309.0,     255.0,     367.0,     349.0,     320.0,     286.0,     305.0,     294.0,     245.0,     306.0,     342.0,     279.0,     261.0,     370.0,     308.0,     251.0,     253.0,     201.0,     225.0,     224.0,     218.0,     277.0,     211.0,     263.0,     220.0,     224.0,     235.0,     425.0,     428.0,     495.0,     445.0,     292.0,     323.0,     431.0,     441.0,     411.0,     336.0,     407.0,     302.0,     223.0,     266.0,     220.0,     271.0,     246.0,     326.0,     331.0,     344.0,     229.0,     378.0,     311.0,     342.0
     468.0,     364.0,     387.0,     335.0,     359.0,     394.0,     347.0,     446.0,     452.0,     445.0,     443.0,     371.0,     438.0,     389.0,     365.0,     396.0,     423.0,     390.0,     472.0,     445.0,     468.0,       0.0,     422.0,     441.0,     407.0,     439.0,     433.0,     401.0,     318.0,     278.0,     299.0,     333.0,     316.0,     335.0,     303.0,     372.0,     328.0,     342.0,     264.0,     260.0,     266.0,     274.0,     327.0,     301.0,     280.0,     309.0,     287.0,     280.0,     265.0,     289.0,     290.0,     304.0,     254.0,     297.0,     305.0,     247.0,     281.0,     249.0,     237.0,     244.0,     254.0,     282.0,     258.0,     256.0,     233.0,     248.0,     267.0,     376.0,     368.0,     400.0,     338.0,     289.0,     291.0,     360.0,     355.0,     361.0,     335.0,     327.0,     301.0,     224.0,     265.0,     259.0,     275.0,     270.0,     307.0,     337.0,     293.0,     246.0,     305.0,     295.0,     275.0
     491.0,     384.0,     391.0,     410.0,     395.0,     409.0,     377.0,     467.0,     456.0,     486.0,     465.0,     384.0,     440.0,     412.0,     395.0,     414.0,     386.0,     416.0,     530.0,     446.0,     508.0,     422.0,       0.0,     530.0,     551.0,     520.0,     562.0,     509.0,     362.0,     358.0,     383.0,     350.0,     379.0,     455.0,     440.0,     461.0,     471.0,     455.0,     338.0,     337.0,     343.0,     279.0,     413.0,     354.0,     335.0,     252.0,     318.0,     306.0,     242.0,     342.0,     343.0,     319.0,     294.0,     384.0,     319.0,     268.0,     256.0,     238.0,     221.0,     252.0,     260.0,     300.0,     265.0,     281.0,     228.0,     230.0,     249.0,     458.0,     438.0,     525.0,     469.0,     325.0,     319.0,     418.0,     487.0,     393.0,     373.0,     388.0,     336.0,     235.0,     285.0,     279.0,     282.0,     264.0,     395.0,     349.0,     361.0,     247.0,     387.0,     311.0,     370.0
     474.0,     387.0,     422.0,     350.0,     396.0,     423.0,     395.0,     450.0,     469.0,     465.0,     470.0,     413.0,     428.0,     396.0,     403.0,     457.0,     426.0,     437.0,     471.0,     466.0,     491.0,     441.0,     530.0,       0.0,     456.0,     484.0,     480.0,     457.0,     318.0,     342.0,     332.0,     344.0,     324.0,     346.0,     351.0,     383.0,     343.0,     359.0,     275.0,     300.0,     272.0,     288.0,     342.0,     320.0,     285.0,     280.0,     292.0,     302.0,     250.0,     331.0,     320.0,     313.0,     255.0,     321.0,     284.0,     264.0,     306.0,     266.0,     246.0,     274.0,     249.0,     258.0,     250.0,     283.0,     251.0,     206.0,     280.0,     378.0,     399.0,     423.0,     402.0,     309.0,     337.0,     387.0,     379.0,     331.0,     337.0,     369.0,     291.0,     244.0,     273.0,     243.0,     267.0,     269.0,     321.0,     347.0,     344.0,     267.0,     351.0,     298.0,     295.0
     488.0,     384.0,     410.0,     401.0,     416.0,     455.0,     387.0,     482.0,     449.0,     517.0,     454.0,     371.0,     482.0,     448.0,     376.0,     385.0,     398.0,     447.0,     557.0,     468.0,     540.0,     407.0,     551.0,     456.0,       0.0,     633.0,     599.0,     599.0,     436.0,     382.0,     456.0,     366.0,     416.0,     532.0,     514.0,     540.0,     527.0,     504.0,     336.0,     423.0,     366.0,     267.0,     445.0,     405.0,     407.0,     274.0,     333.0,     344.0,     227.0,     370.0,     393.0,     304.0,     280.0,     427.0,     369.0,     244.0,     238.0,     188.0,     221.0,     232.0,     211.0,     253.0,     224.0,     305.0,     201.0,     239.0,     301.0,     534.0,     500.0,     612.0,     476.0,     313.0,     382.0,     456.0,     525.0,     439.0,     369.0,     478.0,     354.0,     220.0,     252.0,     228.0,     260.0,     316.0,     371.0,     373.0,     416.0,     236.0,     487.0,     349.0,     425.0
     493.0,     381.0,     383.0,     353.0,     405.0,     427.0,     426.0,     496.0,     476.0,     528.0,     482.0,     380.0,     488.0,     458.0,     414.0,     425.0,     416.0,     436.0,     554.0,     506.0,     505.0,     439.0,     520.0,     484.0,     633.0,       0.0,     515.0,     515.0,     398.0,     342.0,     360.0,     364.0,     387.0,     445.0,     394.0,     443.0,     415.0,     401.0,     291.0,     335.0,     324.0,     298.0,     396.0,     364.0,     320.0,     264.0,     272.0,     276.0,     265.0,     321.0,     345.0,     296.0,     255.0,     370.0,     303.0,     261.0,     264.0,     185.0,     237.0,     225.0,     226.0,     273.0,     231.0,     270.0,     206.0,     238.0,     255.0,     443.0,     459.0,     484.0,     436.0,     292.0,     305.0,     401.0,     458.0,     384.0,     346.0,     350.0,     343.0,     224.0,     283.0,     257.0,     243.0,     275.0,     356.0,     342.0,     350.0,     245.0,     375.0,     273.0,     331.0
     496.0,     403.0,     383.0,     357.0,     415.0,     414.0,     382.0,     498.0,     488.0,     508.0,     489.0,     392.0,     478.0,     462.0,     406.0,     430.0,     467.0,     447.0,     577.0,     480.0,     521.0,     433.0,     562.0,     480.0,     599.0,     515.0,       0.0,     567.0,     407.0,     379.0,     407.0,     374.0,     336.0,     439.0,     461.0,     487.0,     505.0,     468.0,     320.0,     363.0,     298.0,     269.0,     433.0,     356.0,     347.0,     299.0,     314.0,     318.0,     257.0,     358.0,     344.0,     283.0,     265.0,     399.0,     332.0,     247.0,     280.0,     211.0,     242.0,     234.0,     249.0,     289.0,     205.0,     274.0,     218.0,     248.0,     251.0,     506.0,     466.0,     529.0,     444.0,     327.0,     355.0,     414.0,     474.0,     395.0,     384.0,     422.0,     324.0,     224.0,     263.0,     237.0,     244.0,     299.0,     351.0,     337.0,     406.0,     255.0,     427.0,     318.0,     383.0
     473.0,     409.0,     409.0,     393.0,     410.0,     429.0,     405.0,     507.0,     467.0,     484.0,     451.0,     359.0,     442.0,     439.0,     388.0,     398.0,     432.0,     446.0,     560.0,     470.0,     492.0,     401.0,     509.0,     457.0,     599.0,     515.0,     567.0,       0.0,     373.0,     363.0,     371.0,     395.0,     391.0,     439.0,     442.0,     463.0,     443.0,     404.0,     298.0,     338.0,     332.0,     265.0,     373.0,     351.0,     369.0,     299.0,     311.0,     335.0,     219.0,     341.0,     350.0,     308.0,     267.0,     367.0,     344.0,     245.0,     280.0,     202.0,     251.0,     236.0,     251.0,     248.0,     234.0,     269.0,     243.0,     231.0,     214.0,     469.0,     419.0,     502.0,     434.0,     288.0,     348.0,     410.0,     467.0,     429.0,     349.0,     400.0,     346.0,     241.0,     282.0,     252.0,     276.0,     280.0,     346.0,     360.0,     360.0,     263.0,     410.0,     319.0,     383.0
     407.0,     314.0,     336.0,     305.0,     338.0,     332.0,     323.0,     376.0,     361.0,     392.0,     351.0,     264.0,     364.0,     335.0,     319.0,     333.0,     351.0,     332.0,     388.0,     361.0,     358.0,     318.0,     362.0,     318.0,     436.0,     398.0,     407.0,     373.0,       0.0,     336.0,     363.0,     313.0,     318.0,     342.0,     350.0,     375.0,     359.0,     349.0,     250.0,     266.0,     254.0,     188.0,     330.0,     291.0,     290.0,     213.0,     257.0,     257.0,     180.0,     262.0,     305.0,     280.0,     236.0,     297.0,     272.0,     194.0,     200.0,     149.0,     173.0,     157.0,     189.0,     219.0,     185.0,     220.0,     146.0,     174.0,     204.0,     365.0,     327.0,     436.0,     351.0,     223.0,     272.0,     305.0,     347.0,     290.0,     282.0,     323.0,     269.0,     160.0,     210.0,     185.0,     203.0,     222.0,     236.0,     289.0,     512.0,     203.0,     326.0,     256.0,     294.0
     387.0,     340.0,     301.0,     293.0,     362.0,     316.0,     335.0,     357.0,     374.0,     381.0,     348.0,     286.0,     353.0,     324.0,     337.0,     315.0,     318.0,     364.0,     368.0,     345.0,     351.0,     278.0,     358.0,     342.0,     382.0,     342.0,     379.0,     363.0,     336.0,       0.0,     346.0,     323.0,     306.0,     306.0,     313.0,     324.0,     332.0,     321.0,     227.0,     268.0,     245.0,     224.0,     284.0,     271.0,     262.0,     253.0,     250.0,     253.0,     198.0,     282.0,     288.0,     291.0,     216.0,     292.0,     245.0,     224.0,     245.0,     206.0,     206.0,     213.0,     207.0,     242.0,     210.0,     255.0,     214.0,     191.0,     217.0,     320.0,     344.0,     377.0,     345.0,     244.0,     301.0,     325.0,     334.0,     293.0,     270.0,     282.0,     281.0,     198.0,     266.0,     183.0,     220.0,     230.0,     258.0,     288.0,     332.0,     198.0,     324.0,     248.0,     278.0
     406.0,     350.0,     311.0,     326.0,     358.0,     338.0,     310.0,     362.0,     349.0,     385.0,     353.0,     298.0,     360.0,     322.0,     326.0,     327.0,     340.0,     367.0,     380.0,     342.0,     374.0,     299.0,     383.0,     332.0,     456.0,     360.0,     407.0,     371.0,     363.0,     346.0,       0.0,     358.0,     356.0,     287.0,     342.0,     321.0,     336.0,     288.0,     255.0,     260.0,     254.0,     232.0,     298.0,     298.0,     269.0,     268.0,     279.0,     267.0,     227.0,     295.0,     318.0,     294.0,     248.0,     282.0,     246.0,     217.0,     217.0,     184.0,     198.0,     199.0,     208.0,     206.0,     206.0,     222.0,     206.0,     205.0,     219.0,     366.0,     352.0,     384.0,     345.0,     264.0,     270.0,     318.0,     349.0,     332.0,     288.0,     305.0,     286.0,     200.0,     203.0,     212.0,     241.0,     224.0,     279.0,     275.0,     304.0,     237.0,     569.0,     279.0,     276.0
     438.0,     348.0,     361.0,     338.0,     353.0,     322.0,     321.0,     353.0,     373.0,     393.0,     360.0,     295.0,     334.0,     331.0,     340.0,     345.0,     367.0,     351.0,     364.0,     352.0,     350.0,     333.0,     350.0,     344.0,     366.0,     364.0,     374.0,     395.0,     313.0,     323.0,     358.0,       0.0,     337.0,     296.0,     352.0,     376.0,     331.0,     360.0,     280.0,     268.0,     274.0,     238.0,     314.0,     292.0,     274.0,     246.0,     268.0,     287.0,     213.0,     256.0,     302.0,     292.0,     258.0,     273.0,     249.0,     238.0,     228.0,     191.0,     197.0,     224.0,     211.0,     234.0,     229.0,     249.0,     207.0,     214.0,     247.0,     347.0,     317.0,     400.0,     346.0,     262.0,     273.0,     339.0,     346.0,     304.0,     320.0,     291.0,     292.0,     225.0,     228.0,     193.0,     222.0,     222.0,     283.0,     299.0,     298.0,     223.0,     371.0,     271.0,     278.0
     405.0,     322.0,     332.0,     295.0,     364.0,     327.0,     311.0,     376.0,     335.0,     378.0,     341.0,     290.0,     355.0,     332.0,     322.0,     328.0,     315.0,     335.0,     381.0,     319.0,     363.0,     316.0,     379.0,     324.0,     416.0,     387.0,     336.0,     391.0,     318.0,     306.0,     356.0,     337.0,       0.0,     344.0,     330.0,     339.0,     327.0,     278.0,     224.0,     268.0,     242.0,     212.0,     303.0,     287.0,     234.0,     232.0,     284.0,     243.0,     184.0,     254.0,     295.0,     261.0,     218.0,     309.0,     244.0,     199.0,     196.0,     177.0,     184.0,     179.0,     197.0,     224.0,     193.0,     226.0,     186.0,     211.0,     202.0,     358.0,     331.0,     377.0,     332.0,     212.0,     258.0,     305.0,     350.0,     306.0,     290.0,     315.0,     267.0,     183.0,     210.0,     196.0,     205.0,     222.0,     270.0,     289.0,     304.0,     206.0,     360.0,     293.0,     282.0
     482.0,     352.0,     347.0,     357.0,     415.0,     377.0,     304.0,     445.0,     378.0,     407.0,     395.0,     291.0,     434.0,     363.0,     327.0,     327.0,     353.0,     378.0,     485.0,     397.0,     427.0,     335.0,     455.0,     346.0,     532.0,     445.0,     439.0,     439.0,     342.0,     306.0,     287.0,     296.0,     344.0,       0.0,     474.0,     477.0,     510.0,     470.0,     283.0,     390.0,     317.0,     223.0,     395.0,     352.0,     304.0,     244.0,     297.0,     325.0,     206.0,     298.0,     327.0,     297.0,     229.0,     386.0,     302.0,     206.0,     192.0,     167.0,     188.0,     180.0,     199.0,     252.0,     187.0,     259.0,     181.0,     187.0,     241.0,     477.0,     436.0,     513.0,     431.0,     248.0,     295.0,     382.0,     461.0,     412.0,     317.0,     396.0,     298.0,     184.0,     258.0,     229.0,     224.0,     243.0,     339.0,     342.0,     382.0,     207.0,     398.0,     297.0,     401.0
     497.0,     361.0,     347.0,     379.0,     402.0,     357.0,     341.0,     432.0,     393.0,     450.0,     407.0,     295.0,     422.0,     375.0,     350.0,     358.0,     353.0,     410.0,     492.0,     357.0,     409.0,     303.0,     440.0,     351.0,     514.0,     394.0,     461.0,     442.0,     350.0,     313.0,     342.0,     352.0,     330.0,     474.0,       0.0,     448.0,     491.0,     487.0,     323.0,     341.0,     318.0,     241.0,     401.0,     348.0,     344.0,     237.0,     290.0,     298.0,     213.0,     354.0,     318.0,     316.0,     261.0,     351.0,     319.0,     211.0,     231.0,     168.0,     211.0,     217.0,     235.0,     265.0,     247.0,     275.0,     188.0,     205.0,     232.0,     465.0,     443.0,     523.0,     435.0,     278.0,     332.0,     424.0,     480.0,     362.0,     331.0,     384.0,     305.0,     184.0,     252.0,     225.0,     200.0,     263.0,     335.0,     336.0,     376.0,     241.0,     393.0,     289.0,     405.0
     511.0,     411.0,     387.0,     371.0,     433.0,     431.0,     369.0,     436.0,     428.0,     452.0,     418.0,     365.0,     418.0,     411.0,     375.0,     383.0,     407.0,     419.0,     467.0,     397.0,     458.0,     372.0,     461.0,     383.0,     540.0,     443.0,     487.0,     463.0,     375.0,     324.0,     321.0,     376.0,     339.0,     477.0,     448.0,       0.0,     497.0,     487.0,     326.0,     375.0,     313.0,     240.0,     372.0,     358.0,     338.0,     283.0,     291.0,     316.0,     242.0,     328.0,     344.0,     320.0,     262.0,     356.0,     326.0,     210.0,     228.0,     187.0,     246.0,     226.0,     248.0,     272.0,     219.0,     274.0,     209.0,     220.0,     258.0,     440.0,     415.0,     461.0,     424.0,     286.0,     307.0,     395.0,     441.0,     391.0,     307.0,     384.0,     308.0,     207.0,     273.0,     248.0,     256.0,     271.0,     324.0,     339.0,     370.0,     240.0,     379.0,     303.0,     386.0
     459.0,     357.0,     370.0,     401.0,     387.0,     399.0,     363.0,     421.0,     395.0,     430.0,     411.0,     322.0,     426.0,     380.0,     341.0,     358.0,     386.0,     395.0,     471.0,     378.0,     439.0,     328.0,     471.0,     343.0,     527.0,     415.0,     505.0,     443.0,     359.0,     332.0,     336.0,     331.0,     327.0,     510.0,     491.0,     497.0,       0.0,     542.0,     329.0,     393.0,     349.0,     228.0,     425.0,     377.0,     397.0,     276.0,     312.0,     340.0,     224.0,     327.0,     353.0,     308.0,     259.0,     405.0,     315.0,     213.0,     254.0,     193.0,     212.0,     217.0,     219.0,     257.0,     234.0,     291.0,     203.0,     226.0,     241.0,     518.0,     452.0,     571.0,     434.0,     284.0,     344.0,     415.0,     492.0,     399.0,     329.0,     425.0,     321.0,     214.0,     281.0,     253.0,     239.0,     282.0,     354.0,     372.0,     397.0,     232.0,     444.0,     294.0,     400.0
     469.0,     389.0,     365.0,     340.0,     385.0,     392.0,     353.0,     417.0,     376.0,     431.0,     381.0,     312.0,     426.0,     364.0,     332.0,     371.0,     379.0,     396.0,     423.0,     385.0,     442.0,     342.0,     455.0,     359.0,     504.0,     401.0,     468.0,     404.0,     349.0,     321.0,     288.0,     360.0,     278.0,     470.0,     487.0,     487.0,     542.0,       0.0,     291.0,     314.0,     324.0,     226.0,     343.0,     309.0,     326.0,     252.0,     281.0,     298.0,     200.0,     317.0,     330.0,     291.0,     223.0,     355.0,     299.0,     223.0,     215.0,     173.0,     194.0,     218.0,     225.0,     264.0,     217.0,     261.0,     233.0,     197.0,     238.0,     424.0,     428.0,     473.0,     391.0,     245.0,     335.0,     369.0,     405.0,     357.0,     315.0,     356.0,     278.0,     164.0,     208.0,     216.0,     226.0,     249.0,     338.0,     313.0,     340.0,     214.0,     369.0,     292.0,     338.0
