JQLU01000005.1,EDR99618.1,JQKK01000015.1,AUJT01000030.1,ATWC01000054.1,ACV39665.1,ERL25782.1,KB890278.1,ERK53440.1,ERK48421.1,ERK47820.1,KGL43917.1,CBH27300.1,EUJ40903.1,ADQ78341.1,ETE53770.1,CDC65743.1,LARF01000048.1,ACOK01000100.1,JTLD01000029.1,GAE20957.1,EKB54193.1,AEK23281.1,KN549099.1,KIX21336.1,CCB70204.1,AMA48551.1,AEW86266.1,EHO06562.1,EHO08761.1,EKB06014.1,ADQ80738.1,KGE88582.1,KGL55352.1,ALJ25681.1,ALJ26029.1,ALO30226.1,ALA94104.1,GAP82240.1,ERJ81987.1,ERJ65637.1,ERJ65503.1,ERJ64231.1,AIJ36392.1,EOA10535.1,BAK25606.1,ERJ88434.1,ERJ87335.1,EIW94777.1,AAQ65551.1,KGN88274.1,KKC50278.1,KGN87312.1,KGN85385.1,KGN76020.1,KGO05347.1,KGL48767.1,KB899147.1,JHUW01000010.1,EJP27887.1,KIP58075.1,KIP63359.1,KIP62088.1,KIP58950.1,BAKF01000019.1,EFU31981.1,JVYU01002440.1,BAJY01000004.1,AFJ07523.1,KE392225.1,KJJ86756.1,EGQ18444.1,ERJ98772.1,BAJN01000005.1,EKY00089.1,BAKN01000001.1,AKP71851.1,AGC41344.1,AKQ40303.1,JTLI01000096.1,KDE72144.1,EHO19081.1,EIJ68860.1,JHXW01000011.1
       0.0,  112320.0,   19680.0,   21121.0,       0.0,   63121.0,  122161.0,    7921.0,   57600.0,   64801.0,   54000.0,   89040.0,   72480.0,  108480.0,   64320.0,   32880.0,  120000.0,  120720.0,  117360.0,  112800.0,   73680.0,   47520.0,   53520.0,   66480.0,   64081.0,   65280.0,   50160.0,   58320.0,   63121.0,   63600.0,   63600.0,   64320.0,   69840.0,   59280.0,   68881.0,   72720.0,   59280.0,   72720.0,  119040.0,   68881.0,   68881.0,  160320.0,  173760.0,   72720.0,   59280.0,   72720.0,  160320.0,   68881.0,   68881.0,   59280.0,   72720.0,   59280.0,   59520.0,   72720.0,   68881.0,   59280.0,   59280.0,   78240.0,   21600.0,   70801.0,   79680.0,   79680.0,   79680.0,   79680.0,   71520.0,   70801.0,   70801.0,   69360.0,   69120.0,   71040.0,   71280.0,   71280.0,   67921.0,   73441.0,   65281.0,   61680.0,  113760.0,  113760.0,   78480.0,  120720.0,   74640.0,  180961.0,   73680.0,   72481.0
  112320.0,       0.0,   38294.0,   41096.0,       0.0,  122821.0,  237703.0,   15411.0,  112080.0,  126090.0,  105076.0,  173257.0,  141035.0,  211084.0,  125158.0,   63979.0,  233516.0,  234917.0,  228366.0,  219491.0,  143372.0,   92467.0,  104142.0,  129359.0,  124690.0,  127026.0,   97603.0,  113482.0,  122821.0,  123755.0,  123755.0,  125157.0,  135898.0,  115350.0,  134029.0,  141502.0,  115350.0,  141502.0,  231633.0,  134029.0,  134029.0,  311957.0,  338109.0,  141502.0,  115350.0,  141502.0,  311957.0,  134029.0,  134029.0,  115350.0,  141502.0,  115350.0,  115817.0,  141502.0,  134029.0,  115350.0,  115350.0,  152242.0,   42031.0,  137766.0,  155045.0,  155045.0,  155045.0,  155045.0,  139167.0,  137766.0,  137766.0,  134964.0,  134497.0,  138233.0,  138700.0,  138700.0,  132161.0,  142902.0,  127024.0,  120019.0,  221359.0,  221359.0,  152710.0,  234901.0,  145238.0,  352118.0,  143370.0,  141034.0
   19680.0,   38294.0,       0.0,    7129.0,       3.0,   21303.0,   41229.0,    2673.0,   19440.0,   21870.0,   18225.0,   30051.0,   24462.0,   36612.0,   21708.0,   11098.0,   40500.0,   40743.0,   39610.0,   38070.0,   24867.0,   16038.0,   18063.0,   22437.0,   21627.0,   22032.0,   16929.0,   19683.0,   21303.0,   21465.0,   21465.0,   21708.0,   23571.0,   20007.0,   23248.0,   24543.0,   20007.0,   24543.0,   40176.0,   23248.0,   23248.0,   54108.0,   58644.0,   24543.0,   20007.0,   24543.0,   54108.0,   23248.0,   23248.0,   20007.0,   24543.0,   20007.0,   20088.0,   24543.0,   23248.0,   20007.0,   20007.0,   26406.0,    7290.0,   23895.0,   26892.0,   26892.0,   26892.0,   26892.0,   24138.0,   23895.0,   23895.0,   23409.0,   23328.0,   23976.0,   24057.0,   24057.0,   22923.0,   24786.0,   22032.0,   20819.0,   38394.0,   38394.0,   26487.0,   40743.0,   25191.0,   61076.0,   24867.0,   24462.0
   21121.0,   41096.0,    7129.0,       0.0,       0.0,   22881.0,   44283.0,    2872.0,   20880.0,   23491.0,   19575.0,   32277.0,   26274.0,   39324.0,   23316.0,   11919.0,   43500.0,   43762.0,   42544.0,   40890.0,   26709.0,   17226.0,   19401.0,   24099.0,   23231.0,   23664.0,   18183.0,   21141.0,   22881.0,   23055.0,   23055.0,   23316.0,   25317.0,   21489.0,   24970.0,   26361.0,   21489.0,   26361.0,   43152.0,   24970.0,   24970.0,   58116.0,   62988.0,   26361.0,   21489.0,   26361.0,   58116.0,   24970.0,   24970.0,   21489.0,   26361.0,   21489.0,   21576.0,   26361.0,   24970.0,   21489.0,   21489.0,   28363.0,    7831.0,   25665.0,   28884.0,   28884.0,   28884.0,   28884.0,   25926.0,   25665.0,   25665.0,   25143.0,   25056.0,   25752.0,   25839.0,   25839.0,   24621.0,   26623.0,   23664.0,   22359.0,   41238.0,   41238.0,   28449.0,   43761.0,   27057.0,   65599.0,   26709.0,   26275.0
       0.0,       0.0,       3.0,       0.0,       0.0,       0.0,       0.0,       0.0,       0.0,       0.0,       0.0,       0.0,       0.0,       0.0,       0.0,       0.0,       0.0,       0.0,       0.0,       0.0,       0.0,       0.0,       0.0,       0.0,       0.0,       0.0,       0.0,       0.0,       0.0,       0.0,       0.0,       0.0,       0.0,       0.0,       0.0,       0.0,       0.0,       0.0,       0.0,       0.0,       0.0,       0.0,       0.0,       0.0,       0.0,       0.0,       0.0,       0.0,       0.0,       0.0,       0.0,       0.0,       0.0,       0.0,       0.0,       0.0,       0.0,       0.0,       0.0,       0.0,       0.0,       0.0,       0.0,       0.0,       0.0,       0.0,       0.0,       0.0,       0.0,       0.0,       0.0,       0.0,       0.0,       0.0,       0.0,       0.0,       0.0,       0.0,       0.0,       0.0,       0.0,       0.0,       0.0,       0.0
   63121.0,  122821.0,   21303.0,   22881.0,       0.0,       0.0,  133803.0,    8646.0,   62882.0,   71246.0,   58956.0,   97203.0,   79124.0,  118425.0,   70216.0,   35894.0,  131001.0,  131786.0,  128118.0,  123140.0,   80434.0,   51876.0,   58426.0,   72574.0,   69954.0,   71264.0,   54758.0,   63666.0,   68907.0,   69430.0,   69430.0,   70216.0,   76242.0,   64714.0,   75194.0,   79386.0,   64714.0,   79386.0,  129952.0,   75194.0,   75194.0,  175016.0,  189688.0,   79386.0,   64714.0,   79386.0,  175016.0,   75194.0,   75194.0,   64714.0,   79386.0,   64714.0,   64976.0,   79386.0,   75194.0,   64714.0,   64714.0,   85412.0,   23580.0,   77291.0,   86984.0,   86984.0,   86984.0,   86984.0,   78077.0,   77291.0,   77291.0,   75718.0,   75457.0,   77553.0,   77815.0,   77815.0,   74147.0,   80173.0,   71265.0,   67334.0,  124188.0,  124188.0,   85674.0,  131786.0,   81482.0,  197548.0,   80434.0,   79124.0
  122161.0,  237703.0,   41229.0,   44283.0,       0.0,  133803.0,       0.0,   16764.0,  121922.0,  137418.0,  114306.0,  188469.0,  153416.0,  229617.0,  136144.0,   69596.0,  254001.0,  255524.0,  248412.0,  238760.0,  155956.0,  100584.0,  113284.0,  140716.0,  135636.0,  138176.0,  106172.0,  123444.0,  133605.0,  134620.0,  134620.0,  136144.0,  147828.0,  125476.0,  145796.0,  153924.0,  125476.0,  153924.0,  251968.0,  145796.0,  145796.0,  339344.0,  367792.0,  153924.0,  125476.0,  153924.0,  339344.0,  145796.0,  145796.0,  125476.0,  153924.0,  125476.0,  125984.0,  153924.0,  145796.0,  125476.0,  125476.0,  165608.0,   45720.0,  149861.0,  168656.0,  168656.0,  168656.0,  168656.0,  151385.0,  149861.0,  149861.0,  146812.0,  146305.0,  150369.0,  150877.0,  150877.0,  143765.0,  155449.0,  138177.0,  130556.0,  240792.0,  240792.0,  166116.0,  255524.0,  157988.0,  383032.0,  155956.0,  153416.0
    7921.0,   15411.0,    2673.0,    2872.0,       0.0,    8646.0,   16764.0,       0.0,    7680.0,    8641.0,    7200.0,   11872.0,    9664.0,   14464.0,    8576.0,    4384.0,   16000.0,   16096.0,   15648.0,   15040.0,    9824.0,    6336.0,    7136.0,    8864.0,    8545.0,    8704.0,    6688.0,    7776.0,    8416.0,    8481.0,    8480.0,    8576.0,    9312.0,    7904.0,    9185.0,    9696.0,    7904.0,    9696.0,   15872.0,    9185.0,    9185.0,   21376.0,   23168.0,    9696.0,    7904.0,    9696.0,   21376.0,    9185.0,    9185.0,    7904.0,    9696.0,    7904.0,    7936.0,    9696.0,    9185.0,    7904.0,    7904.0,   10432.0,    2880.0,    9440.0,   10624.0,   10624.0,   10624.0,   10624.0,    9536.0,    9440.0,    9440.0,    9248.0,    9216.0,    9472.0,    9504.0,    9504.0,    9056.0,    9792.0,    8705.0,    8224.0,   15168.0,   15168.0,   10464.0,   16096.0,    9952.0,   24129.0,    9824.0,    9666.0
   57600.0,  112080.0,   19440.0,   20880.0,       0.0,   62882.0,  121922.0,    7680.0,       0.0,   64531.0,   53776.0,   88670.0,   72178.0,  108029.0,   64052.0,   32743.0,  119501.0,  120217.0,  116871.0,  112331.0,   73373.0,   47322.0,   53297.0,   66203.0,   63813.0,   65008.0,   49951.0,   58077.0,   62857.0,   63336.0,   63336.0,   64052.0,   69549.0,   59033.0,   68593.0,   72417.0,   59033.0,   72417.0,  118544.0,   68593.0,   68593.0,  159652.0,  173036.0,   72417.0,   59033.0,   72417.0,  159652.0,   68593.0,   68593.0,   59033.0,   72417.0,   59033.0,   59272.0,   72417.0,   68593.0,   59033.0,   59033.0,   77914.0,   21510.0,   70505.0,   79348.0,   79348.0,   79348.0,   79348.0,   71223.0,   70505.0,   70505.0,   69071.0,   68833.0,   70745.0,   70984.0,   70984.0,   67637.0,   73134.0,   65008.0,   61423.0,  113286.0,  113286.0,   78153.0,  120217.0,   74329.0,  180206.0,   73373.0,   72178.0
   64801.0,  126090.0,   21870.0,   23491.0,       0.0,   71246.0,  137418.0,    8641.0,   64531.0,       0.0,   60530.0,   99801.0,   81238.0,  121590.0,   72092.0,   36853.0,  134501.0,  135307.0,  131541.0,  126430.0,   82583.0,   53262.0,   59987.0,   74513.0,   71824.0,   73168.0,   56221.0,   65367.0,   70747.0,   71285.0,   71285.0,   72092.0,   78279.0,   66443.0,   77204.0,   81507.0,   66443.0,   81507.0,  133424.0,   77204.0,   77204.0,  179692.0,  194756.0,   81507.0,   66443.0,   81507.0,  179692.0,   77204.0,   77204.0,   66443.0,   81507.0,   66443.0,   66712.0,   81507.0,   77204.0,   66443.0,   66443.0,   87694.0,   24210.0,   79355.0,   89308.0,   89308.0,   89308.0,   89308.0,   80163.0,   79355.0,   79355.0,   77741.0,   77473.0,   79625.0,   79894.0,   79894.0,   76127.0,   82314.0,   73168.0,   69133.0,  127506.0,  127506.0,   87963.0,  135307.0,   83659.0,  202827.0,   82583.0,   81239.0
   54000.0,  105076.0,   18225.0,   19575.0,       0.0,   58956.0,  114306.0,    7200.0,   53776.0,   60530.0,       0.0,   83104.0,   67649.0,  101248.0,   60035.0,   30688.0,  112001.0,  112673.0,  109536.0,  105281.0,   68769.0,   44353.0,   49953.0,   62048.0,   59809.0,   60932.0,   46816.0,   54432.0,   58912.0,   59361.0,   59361.0,   60033.0,   65184.0,   55328.0,   64288.0,   67872.0,   55328.0,   67872.0,  111104.0,   64288.0,   64288.0,  149632.0,  162176.0,   67872.0,   55328.0,   67872.0,  149632.0,   64288.0,   64288.0,   55328.0,   67872.0,   55328.0,   55552.0,   67872.0,   64288.0,   55328.0,   55328.0,   73024.0,   20161.0,   66081.0,   74369.0,   74369.0,   74369.0,   74369.0,   66753.0,   66081.0,   66081.0,   64737.0,   64513.0,   66305.0,   66529.0,   66529.0,   63392.0,   68544.0,   60928.0,   57568.0,  106176.0,  106176.0,   73248.0,  112672.0,   69665.0,  168896.0,   68769.0,   67648.0
   89040.0,  173257.0,   30051.0,   32277.0,       0.0,   97203.0,  188469.0,   11872.0,   88670.0,   99801.0,   83104.0,       0.0,  111741.0,  168116.0,   99160.0,   50690.0,  185001.0,  186110.0,  180930.0,  173900.0,  113590.0,   73260.0,   82510.0,  102491.0,   98790.0,  100640.0,   77330.0,   89910.0,   97310.0,   98050.0,   98050.0,   99160.0,  107670.0,   91390.0,  106190.0,  112110.0,   91390.0,  112110.0,  183520.0,  106190.0,  106190.0,  247160.0,  267880.0,  112110.0,   91390.0,  112110.0,  247160.0,  106190.0,  106190.0,   91390.0,  112110.0,   91390.0,   91760.0,  112110.0,  106190.0,   91390.0,   91390.0,  120620.0,   33300.0,  109150.0,  122841.0,  122841.0,  122841.0,  122841.0,  110261.0,  109150.0,  109150.0,  106930.0,  106561.0,  109521.0,  109891.0,  109891.0,  104710.0,  113220.0,  100640.0,   95090.0,  175380.0,  175380.0,  120990.0,  186110.0,  115070.0,  278980.0,  113590.0,  111740.0
   72480.0,  141035.0,   24462.0,   26274.0,       0.0,   79124.0,  153416.0,    9664.0,   72178.0,   81238.0,   67649.0,  111741.0,       0.0,  136052.0,   80671.0,   41237.0,  150503.0,  151404.0,  147189.0,  141470.0,   92408.0,   59599.0,   67124.0,   83378.0,   80368.0,   81874.0,   62909.0,   73143.0,   79163.0,   79765.0,   79765.0,   80669.0,   87591.0,   74347.0,   86387.0,   91203.0,   74347.0,   91203.0,  149296.0,   86387.0,   86387.0,  201068.0,  217924.0,   91203.0,   74347.0,   91203.0,  201068.0,   86387.0,   86387.0,   74347.0,   91203.0,   74347.0,   74648.0,   91203.0,   86387.0,   74347.0,   74347.0,   98126.0,   27091.0,   88796.0,   99934.0,   99934.0,   99934.0,   99934.0,   89699.0,   88796.0,   88796.0,   86990.0,   86689.0,   89097.0,   89398.0,   89398.0,   85183.0,   92106.0,   81872.0,   77357.0,  142674.0,  142674.0,   98427.0,  151403.0,   93612.0,  226954.0,   92408.0,   90902.0
  108480.0,  211084.0,   36612.0,   39324.0,       0.0,  118425.0,  229617.0,   14464.0,  108029.0,  121590.0,  101248.0,  168116.0,  136052.0,       0.0,  120868.0,   61788.0,  225501.0,  226853.0,  220539.0,  211970.0,  138457.0,   89299.0,  100574.0,  124928.0,  120417.0,  122672.0,   94261.0,  109593.0,  118613.0,  119515.0,  119515.0,  120868.0,  131241.0,  111397.0,  129437.0,  136653.0,  111397.0,  136653.0,  223696.0,  129437.0,  129437.0,  301268.0,  326524.0,  136653.0,  111397.0,  136653.0,  301268.0,  129437.0,  129437.0,  111397.0,  136653.0,  111397.0,  111848.0,  136653.0,  129437.0,  111397.0,  111397.0,  147026.0,   40590.0,  133045.0,  149732.0,  149732.0,  149732.0,  149732.0,  134399.0,  133045.0,  133045.0,  130339.0,  129889.0,  133497.0,  133948.0,  133948.0,  127633.0,  138006.0,  122672.0,  115907.0,  213775.0,  213775.0,  147478.0,  226853.0,  140261.0,  340054.0,  138457.0,  136202.0
   64320.0,  125158.0,   21708.0,   23316.0,       0.0,   70216.0,  136144.0,    8576.0,   64052.0,   72092.0,   60035.0,   99160.0,   80671.0,  120868.0,       0.0,   36579.0,  133502.0,  134303.0,  130563.0,  125490.0,   81971.0,   52868.0,   59543.0,   73959.0,   71291.0,   72629.0,   55803.0,   64881.0,   70221.0,   70755.0,   70755.0,   71558.0,   77697.0,   65949.0,   76629.0,   80901.0,   65949.0,   80901.0,  132432.0,   76629.0,   76629.0,  178356.0,  193308.0,   80901.0,   65949.0,   80901.0,  178356.0,   76629.0,   76629.0,   65949.0,   80901.0,   65949.0,   66216.0,   80901.0,   76629.0,   65949.0,   65949.0,   87042.0,   24032.0,   78767.0,   88647.0,   88647.0,   88647.0,   88647.0,   79568.0,   78767.0,   78767.0,   77165.0,   76898.0,   79034.0,   79301.0,   79301.0,   75561.0,   81702.0,   72624.0,   68619.0,  126558.0,  126558.0,   87309.0,  134301.0,   83039.0,  201318.0,   81971.0,   80634.0
   32880.0,   63979.0,   11098.0,   11919.0,       0.0,   35894.0,   69596.0,    4384.0,   32743.0,   36853.0,   30688.0,   50690.0,   41237.0,   61788.0,   36579.0,       0.0,   68000.0,   68408.0,   66505.0,   63920.0,   41752.0,   26929.0,   30329.0,   37673.0,   36312.0,   36992.0,   28425.0,   33048.0,   35768.0,   36040.0,   36040.0,   36448.0,   39576.0,   33592.0,   39033.0,   41208.0,   33592.0,   41208.0,   67456.0,   39033.0,   39033.0,   90848.0,   98464.0,   41208.0,   33592.0,   41208.0,   90848.0,   39033.0,   39033.0,   33592.0,   41208.0,   33592.0,   33728.0,   41208.0,   39033.0,   33592.0,   33592.0,   44336.0,   12240.0,   40120.0,   45152.0,   45152.0,   45152.0,   45152.0,   40528.0,   40120.0,   40120.0,   39304.0,   39168.0,   40256.0,   40392.0,   40392.0,   38488.0,   41616.0,   36992.0,   34953.0,   64465.0,   64465.0,   44473.0,   68408.0,   42296.0,  102544.0,   41752.0,   41072.0
  120000.0,  233516.0,   40500.0,   43500.0,       0.0,  131001.0,  254001.0,   16000.0,  119501.0,  134501.0,  112001.0,  185001.0,  150503.0,  225501.0,  133502.0,   68000.0,       0.0,  251759.0,  244021.0,  234530.0,  153194.0,   98803.0,  111278.0,  138223.0,  133234.0,  135730.0,  104291.0,  121257.0,  131237.0,  132235.0,  132235.0,  133733.0,  145209.0,  123253.0,  143213.0,  151197.0,  123253.0,  151197.0,  247504.0,  143213.0,  143213.0,  333332.0,  361276.0,  151197.0,  123253.0,  151197.0,  333332.0,  143213.0,  143213.0,  123253.0,  151197.0,  123253.0,  123752.0,  151197.0,  143213.0,  123253.0,  123253.0,  162674.0,   44911.0,  147206.0,  165669.0,  165669.0,  165669.0,  165669.0,  148704.0,  147206.0,  147206.0,  144212.0,  143714.0,  147706.0,  148205.0,  148205.0,  141217.0,  152694.0,  135728.0,  128243.0,  236526.0,  236526.0,  163173.0,  250997.0,  155190.0,  376246.0,  153194.0,  150698.0
  120720.0,  234917.0,   40743.0,   43762.0,       0.0,  131786.0,  255524.0,   16096.0,  120217.0,  135307.0,  112673.0,  186110.0,  151404.0,  226853.0,  134303.0,   68408.0,  251759.0,       0.0,  245489.0,  235940.0,  154115.0,   99397.0,  111947.0,  139054.0,  134035.0,  136546.0,  104918.0,  121986.0,  132026.0,  133030.0,  133030.0,  134537.0,  146082.0,  123994.0,  144074.0,  152106.0,  123994.0,  152106.0,  248992.0,  144074.0,  144074.0,  335336.0,  363448.0,  152106.0,  123994.0,  152106.0,  335336.0,  144074.0,  144074.0,  123994.0,  152106.0,  123994.0,  124496.0,  152106.0,  144074.0,  123994.0,  123994.0,  163653.0,   45182.0,  148091.0,  166665.0,  166665.0,  166665.0,  166665.0,  149597.0,  148091.0,  148091.0,  145079.0,  144577.0,  148593.0,  149095.0,  149095.0,  142066.0,  153613.0,  136544.0,  129014.0,  237948.0,  237948.0,  164154.0,  252506.0,  156123.0,  378508.0,  154115.0,  151604.0
  117360.0,  228366.0,   39610.0,   42544.0,       0.0,  128118.0,  248412.0,   15648.0,  116871.0,  131541.0,  109536.0,  180930.0,  147189.0,  220539.0,  130563.0,   66505.0,  244021.0,  245489.0,       0.0,  229360.0,  149816.0,   96624.0,  108824.0,  135176.0,  130296.0,  132736.0,  101992.0,  118584.0,  128344.0,  129320.0,  129320.0,  130784.0,  142008.0,  120536.0,  140057.0,  147864.0,  120536.0,  147864.0,  242048.0,  140057.0,  140057.0,  325984.0,  353312.0,  147864.0,  120536.0,  147864.0,  325984.0,  140057.0,  140057.0,  120536.0,  147864.0,  120536.0,  121024.0,  147864.0,  140057.0,  120536.0,  120536.0,  159089.0,   43921.0,  143960.0,  162016.0,  162016.0,  162016.0,  162016.0,  145424.0,  143960.0,  143960.0,  141032.0,  140544.0,  144448.0,  144936.0,  144936.0,  138104.0,  149329.0,  132736.0,  125417.0,  231312.0,  231312.0,  159576.0,  245464.0,  151768.0,  367952.0,  149816.0,  147376.0
  112800.0,  219491.0,   38070.0,   40890.0,       0.0,  123140.0,  238760.0,   15040.0,  112331.0,  126430.0,  105281.0,  173900.0,  141470.0,  211970.0,  125490.0,   63920.0,  234530.0,  235940.0,  229360.0,       0.0,  143984.0,   92862.0,  104587.0,  129913.0,  125223.0,  127568.0,   98021.0,  113968.0,  123347.0,  124286.0,  124286.0,  125692.0,  136480.0,  115844.0,  134603.0,  142108.0,  115844.0,  142108.0,  232625.0,  134603.0,  134603.0,  313293.0,  339557.0,  142108.0,  115844.0,  142108.0,  313293.0,  134603.0,  134603.0,  115844.0,  142108.0,  115844.0,  116313.0,  142108.0,  134603.0,  115844.0,  115844.0,  152894.0,   42210.0,  138355.0,  155708.0,  155708.0,  155708.0,  155708.0,  139762.0,  138355.0,  138355.0,  135541.0,  135072.0,  138824.0,  139293.0,  139293.0,  132727.0,  143514.0,  127568.0,  120533.0,  222308.0,  222308.0,  153365.0,  235907.0,  145859.0,  353626.0,  143983.0,  141638.0
   73680.0,  143372.0,   24867.0,   26709.0,       0.0,   80434.0,  155956.0,    9824.0,   73373.0,   82583.0,   68769.0,  113590.0,   92408.0,  138457.0,   81971.0,   41752.0,  153194.0,  154115.0,  149816.0,  143984.0,       0.0,   60589.0,   68239.0,   84762.0,   81703.0,   83234.0,   63954.0,   74359.0,   80478.0,   81090.0,   81090.0,   82009.0,   89047.0,   75583.0,   87822.0,   92719.0,   75583.0,   92719.0,  151777.0,   87822.0,   87822.0,  204409.0,  221545.0,   92719.0,   75583.0,   92719.0,  204409.0,   87822.0,   87822.0,   75583.0,   92719.0,   75583.0,   75889.0,   92719.0,   87822.0,   75583.0,   75583.0,   99756.0,   27541.0,   90271.0,  101593.0,  101593.0,  101593.0,  101593.0,   91189.0,   90271.0,   90271.0,   88435.0,   88129.0,   90577.0,   90883.0,   90883.0,   86598.0,   93636.0,   83232.0,   78642.0,  145045.0,  145045.0,  100063.0,  153918.0,   95167.0,  230724.0,   93943.0,   92412.0
   47520.0,   92467.0,   16038.0,   17226.0,       0.0,   51876.0,  100584.0,    6336.0,   47322.0,   53262.0,   44353.0,   73260.0,   59599.0,   89299.0,   52868.0,   26929.0,   98803.0,   99397.0,   96624.0,   92862.0,   60589.0,       0.0,   44086.0,   54579.0,   52602.0,   53586.0,   41174.0,   47871.0,   51820.0,   52214.0,   52214.0,   52797.0,   57327.0,   48659.0,   56539.0,   59691.0,   48659.0,   59691.0,   97712.0,   56539.0,   56539.0,  131596.0,  142628.0,   59691.0,   48659.0,   59691.0,  131596.0,   56539.0,   56539.0,   48659.0,   59691.0,   48659.0,   48856.0,   59691.0,   56539.0,   48659.0,   48659.0,   64222.0,   17731.0,   58116.0,   65405.0,   65405.0,   65405.0,   65405.0,   58707.0,   58116.0,   58116.0,   56934.0,   56737.0,   58313.0,   58510.0,   58510.0,   55751.0,   60282.0,   53584.0,   50629.0,   93379.0,   93379.0,   64420.0,   99091.0,   61268.0,  148538.0,   60480.0,   59494.0
   53520.0,  104142.0,   18063.0,   19401.0,       0.0,   58426.0,  113284.0,    7136.0,   53297.0,   59987.0,   49953.0,   82510.0,   67124.0,  100574.0,   59543.0,   30329.0,  111278.0,  111947.0,  108824.0,  104587.0,   68239.0,   44086.0,       0.0,   61504.0,   59277.0,   60386.0,   46399.0,   53946.0,   58395.0,   58839.0,   58839.0,   59497.0,   64602.0,   54834.0,   63714.0,   67266.0,   54834.0,   67266.0,  110112.0,   63714.0,   63714.0,  148296.0,  160728.0,   67266.0,   54834.0,   67266.0,  148296.0,   63714.0,   63714.0,   54834.0,   67266.0,   54834.0,   55056.0,   67266.0,   63714.0,   54834.0,   54834.0,   72372.0,   19981.0,   65491.0,   73705.0,   73705.0,   73705.0,   73705.0,   66157.0,   65491.0,   65491.0,   64159.0,   63937.0,   65713.0,   65935.0,   65935.0,   62826.0,   67932.0,   60384.0,   57054.0,  105229.0,  105229.0,   72595.0,  111666.0,   69043.0,  167388.0,   68155.0,   67044.0
   66480.0,  129359.0,   22437.0,   24099.0,       0.0,   72574.0,  140716.0,    8864.0,   66203.0,   74513.0,   62048.0,  102491.0,   83378.0,  124928.0,   73959.0,   37673.0,  138223.0,  139054.0,  135176.0,  129913.0,   84762.0,   54579.0,   61504.0,       0.0,   73701.0,   75072.0,   57689.0,   67072.0,   72588.0,   73140.0,   73140.0,   73968.0,   80316.0,   68172.0,   79212.0,   83628.0,   68172.0,   83628.0,  136896.0,   79212.0,   79212.0,  184368.0,  199824.0,   83628.0,   68172.0,   83628.0,  184368.0,   79212.0,   79212.0,   68172.0,   83628.0,   68172.0,   68448.0,   83628.0,   79212.0,   68172.0,   68172.0,   89976.0,   24840.0,   81420.0,   91633.0,   91633.0,   91633.0,   91633.0,   82248.0,   81420.0,   81420.0,   79764.0,   79488.0,   81696.0,   81972.0,   81972.0,   78108.0,   84456.0,   75072.0,   70932.0,  130825.0,  130825.0,   90253.0,  138828.0,   85836.0,  208104.0,   84732.0,   83352.0
   64081.0,  124690.0,   21627.0,   23231.0,       0.0,   69954.0,  135636.0,    8545.0,   63813.0,   71824.0,   59809.0,   98790.0,   80368.0,  120417.0,   71291.0,   36312.0,  133234.0,  134035.0,  130296.0,  125223.0,   81703.0,   52602.0,   59277.0,   73701.0,       0.0,   72355.0,   55594.0,   64638.0,   69958.0,   70490.0,   70490.0,   71289.0,   77406.0,   65702.0,   76343.0,   80598.0,   65702.0,   80598.0,  131936.0,   76343.0,   76343.0,  177688.0,  192584.0,   80598.0,   65702.0,   80598.0,  177688.0,   76343.0,   76343.0,   65702.0,   80598.0,   65702.0,   65968.0,   80598.0,   76343.0,   65702.0,   65702.0,   86716.0,   23941.0,   78471.0,   88313.0,   88313.0,   88313.0,   88313.0,   79269.0,   78471.0,   78471.0,   76875.0,   76609.0,   78737.0,   79003.0,   79003.0,   75278.0,   81396.0,   72352.0,   68362.0,  126084.0,  126084.0,   86982.0,  133798.0,   82727.0,  200565.0,   81663.0,   80333.0
   65280.0,  127026.0,   22032.0,   23664.0,       0.0,   71264.0,  138176.0,    8704.0,   65008.0,   73168.0,   60932.0,  100640.0,   81874.0,  122672.0,   72629.0,   36992.0,  135730.0,  136546.0,  132736.0,  127568.0,   83234.0,   53586.0,   60386.0,   75072.0,   72355.0,       0.0,   56639.0,   65853.0,   71273.0,   71815.0,   71815.0,   72631.0,   78861.0,   66937.0,   77777.0,   82113.0,   66937.0,   82113.0,  134416.0,   77777.0,   77777.0,  181028.0,  196204.0,   82113.0,   66937.0,   82113.0,  181028.0,   77777.0,   77777.0,   66937.0,   82113.0,   66937.0,   67208.0,   82113.0,   77777.0,   66937.0,   66937.0,   88346.0,   24392.0,   79947.0,   89974.0,   89974.0,   89974.0,   89974.0,   80760.0,   79947.0,   79947.0,   78321.0,   78050.0,   80218.0,   80489.0,   80489.0,   76693.0,   82926.0,   73712.0,   69647.0,  128454.0,  128454.0,   88617.0,  136313.0,   84283.0,  204334.0,   83199.0,   81842.0
   50160.0,   97603.0,   16929.0,   18183.0,       0.0,   54758.0,  106172.0,    6688.0,   49951.0,   56221.0,   46816.0,   77330.0,   62909.0,   94261.0,   55803.0,   28425.0,  104291.0,  104918.0,  101992.0,   98021.0,   63954.0,   41174.0,   46399.0,   57689.0,   55594.0,   56639.0,       0.0,   51531.0,   54704.0,   55120.0,   55120.0,   55744.0,   60528.0,   51376.0,   59696.0,   63024.0,   51376.0,   63024.0,  103168.0,   59696.0,   59696.0,  138944.0,  150592.0,   63025.0,   51376.0,   63024.0,  138944.0,   59696.0,   59696.0,   51376.0,   63024.0,   51377.0,   51584.0,   63024.0,   59696.0,   51376.0,   51376.0,   67808.0,   18720.0,   61360.0,   69056.0,   69056.0,   69056.0,   69056.0,   61984.0,   61360.0,   61360.0,   60112.0,   59904.0,   61568.0,   61776.0,   61776.0,   58864.0,   63648.0,   56576.0,   53456.0,   98593.0,   98593.0,   68017.0,  104624.0,   64688.0,  156832.0,   63856.0,   62816.0
   58320.0,  113482.0,   19683.0,   21141.0,       0.0,   63666.0,  123444.0,    7776.0,   58077.0,   65367.0,   54432.0,   89910.0,   73143.0,  109593.0,   64881.0,   33048.0,  121257.0,  121986.0,  118584.0,  113968.0,   74359.0,   47871.0,   53946.0,   67072.0,   64638.0,   65853.0,   51531.0,       0.0,   63646.0,   64130.0,   64130.0,   64856.0,   70423.0,   59775.0,   69454.0,   73327.0,   59775.0,   73327.0,  120033.0,   69454.0,   69454.0,  161657.0,  175209.0,   73328.0,   59775.0,   73327.0,  161657.0,   69454.0,   69454.0,   59775.0,   73327.0,   59776.0,   60017.0,   73327.0,   69454.0,   59775.0,   59775.0,   78892.0,   21780.0,   71390.0,   80344.0,   80344.0,   80344.0,   80344.0,   72116.0,   71390.0,   71390.0,   69938.0,   69696.0,   71632.0,   71874.0,   71874.0,   68486.0,   74052.0,   65824.0,   62194.0,  114709.0,  114709.0,   79135.0,  121726.0,   75262.0,  182468.0,   74294.0,   73084.0
   63121.0,  122821.0,   21303.0,   22881.0,       0.0,   68907.0,  133605.0,    8416.0,   62857.0,   70747.0,   58912.0,   97310.0,   79163.0,  118613.0,   70221.0,   35768.0,  131237.0,  132026.0,  128344.0,  123347.0,   80478.0,   51820.0,   58395.0,   72588.0,   69958.0,   71273.0,   54704.0,   63646.0,       0.0,   70490.0,   70476.0,   70217.0,   76242.0,   64715.0,   75194.0,   79387.0,   64715.0,   79387.0,  129953.0,   75194.0,   75194.0,  175017.0,  189689.0,   79386.0,   64715.0,   79387.0,  175017.0,   75194.0,   75194.0,   64715.0,   79387.0,   64714.0,   64977.0,   79387.0,   75194.0,   64715.0,   64715.0,   85413.0,   23580.0,   77291.0,   86984.0,   86984.0,   86984.0,   86984.0,   78076.0,   77291.0,   77291.0,   75718.0,   75456.0,   77552.0,   77814.0,   77814.0,   74147.0,   80173.0,   71265.0,   67334.0,  124188.0,  124188.0,   85674.0,  131786.0,   81482.0,  197548.0,   80434.0,   79124.0
   63600.0,  123755.0,   21465.0,   23055.0,       0.0,   69430.0,  134620.0,    8481.0,   63336.0,   71285.0,   59361.0,   98050.0,   79765.0,  119515.0,   70755.0,   36040.0,  132235.0,  133030.0,  129320.0,  124286.0,   81090.0,   52214.0,   58839.0,   73140.0,   70490.0,   71815.0,   55120.0,   64130.0,   70490.0,       0.0,   71001.0,   70752.0,   76824.0,   65208.0,   75768.0,   79992.0,   65208.0,   79992.0,  130944.0,   75768.0,   75768.0,  176352.0,  191136.0,   79992.0,   65208.0,   79992.0,  176352.0,   75768.0,   75768.0,   65208.0,   79992.0,   65208.0,   65472.0,   79992.0,   75768.0,   65208.0,   65208.0,   86064.0,   23760.0,   77880.0,   87648.0,   87648.0,   87648.0,   87648.0,   78672.0,   77880.0,   77880.0,   76296.0,   76032.0,   78144.0,   78408.0,   78408.0,   74712.0,   80784.0,   71809.0,   67848.0,  125136.0,  125136.0,   86328.0,  132792.0,   82104.0,  199056.0,   81048.0,   79729.0
   63600.0,  123755.0,   21465.0,   23055.0,       0.0,   69430.0,  134620.0,    8480.0,   63336.0,   71285.0,   59361.0,   98050.0,   79765.0,  119515.0,   70755.0,   36040.0,  132235.0,  133030.0,  129320.0,  124286.0,   81090.0,   52214.0,   58839.0,   73140.0,   70490.0,   71815.0,   55120.0,   64130.0,   70476.0,   71001.0,       0.0,   70753.0,   76824.0,   65209.0,   75768.0,   79993.0,   65209.0,   79993.0,  130945.0,   75768.0,   75768.0,  176353.0,  191137.0,   79992.0,   65209.0,   79993.0,  176353.0,   75768.0,   75768.0,   65209.0,   79993.0,   65208.0,   65473.0,   79993.0,   75768.0,   65209.0,   65209.0,   86065.0,   23760.0,   77880.0,   87648.0,   87648.0,   87648.0,   87648.0,   78672.0,   77880.0,   77880.0,   76296.0,   76032.0,   78144.0,   78408.0,   78408.0,   74712.0,   80784.0,   71808.0,   67848.0,  125136.0,  125136.0,   86328.0,  132792.0,   82104.0,  199056.0,   81048.0,   79728.0
   64320.0,  125157.0,   21708.0,   23316.0,       0.0,   70216.0,  136144.0,    8576.0,   64052.0,   72092.0,   60033.0,   99160.0,   80669.0,  120868.0,   71558.0,   36448.0,  133733.0,  134537.0,  130784.0,  125692.0,   82009.0,   52797.0,   59497.0,   73968.0,   71289.0,   72631.0,   55744.0,   64856.0,   70217.0,   70752.0,   70753.0,       0.0,   77697.0,   65950.0,   76629.0,   80902.0,   65950.0,   80902.0,  132433.0,   76629.0,   76629.0,  178357.0,  193309.0,   80901.0,   65950.0,   80902.0,  178357.0,   76629.0,   76629.0,   65950.0,   80902.0,   65949.0,   66217.0,   80902.0,   76629.0,   65950.0,   65950.0,   87043.0,   24031.0,   78766.0,   88645.0,   88645.0,   88645.0,   88645.0,   79567.0,   78766.0,   78766.0,   77164.0,   76897.0,   79033.0,   79300.0,   79300.0,   75561.0,   81702.0,   72624.0,   68619.0,  126558.0,  126558.0,   87309.0,  134301.0,   83038.0,  201318.0,   81970.0,   80634.0
   69840.0,  135898.0,   23571.0,   25317.0,       0.0,   76242.0,  147828.0,    9312.0,   69549.0,   78279.0,   65184.0,  107670.0,   87591.0,  131241.0,   77697.0,   39576.0,  145209.0,  146082.0,  142008.0,  136480.0,   89047.0,   57327.0,   64602.0,   80316.0,   77406.0,   78861.0,   60528.0,   70423.0,   76242.0,   76824.0,   76824.0,   77697.0,       0.0,   71631.0,   83230.0,   87871.0,   71631.0,   87871.0,  143841.0,   83230.0,   83230.0,  193721.0,  209961.0,   87871.0,   71631.0,   87871.0,  193721.0,   83230.0,   83230.0,   71631.0,   87871.0,   71631.0,   71921.0,   87871.0,   83230.0,   71631.0,   71631.0,   94540.0,   26100.0,   85550.0,   96280.0,   96280.0,   96280.0,   96280.0,   86420.0,   85550.0,   85550.0,   83811.0,   83520.0,   85840.0,   86130.0,   86130.0,   82071.0,   88740.0,   78880.0,   74530.0,  137461.0,  137461.0,   94831.0,  145870.0,   90190.0,  218660.0,   89030.0,   87580.0
   59280.0,  115350.0,   20007.0,   21489.0,       0.0,   64714.0,  125476.0,    7904.0,   59033.0,   66443.0,   55328.0,   91390.0,   74347.0,  111397.0,   65949.0,   33592.0,  123253.0,  123994.0,  120536.0,  115844.0,   75583.0,   48659.0,   54834.0,   68172.0,   65702.0,   66937.0,   51376.0,   59775.0,   64715.0,   65208.0,   65209.0,   65950.0,   71631.0,       0.0,   70602.0,   75334.0,   61559.0,   75351.0,  122641.0,   70602.0,   70602.0,  164824.0,  178597.0,   75354.0,   61554.0,   75304.0,  164829.0,   70602.0,   70602.0,   61587.0,   75590.0,   61887.0,   62133.0,   75528.0,   70602.0,   61841.0,   61863.0,   81258.0,   22140.0,   72597.0,   81672.0,   81672.0,   81672.0,   81672.0,   73319.0,   72601.0,   72601.0,   71110.0,   70863.0,   72835.0,   73077.0,   73078.0,   69639.0,   75295.0,   66927.0,   63222.0,  116605.0,  116605.0,   80443.0,  123738.0,   76506.0,  185484.0,   75522.0,   74292.0
   68881.0,  134029.0,   23248.0,   24970.0,       0.0,   75194.0,  145796.0,    9185.0,   68593.0,   77204.0,   64288.0,  106190.0,   86387.0,  129437.0,   76629.0,   39033.0,  143213.0,  144074.0,  140057.0,  134603.0,   87822.0,   56539.0,   63714.0,   79212.0,   76343.0,   77777.0,   59696.0,   69454.0,   75194.0,   75768.0,   75768.0,   76629.0,   83230.0,   70602.0,       0.0,   86658.0,   70642.0,   86658.0,  141856.0,   83215.0,   83215.0,  191048.0,  207064.0,   86658.0,   70642.0,   86658.0,  191048.0,   83215.0,   83215.0,   70642.0,   86658.0,   70642.0,   70928.0,   86658.0,   83173.0,   70642.0,   70642.0,   93236.0,   25740.0,   84370.0,   94952.0,   94952.0,   94952.0,   94952.0,   85228.0,   84370.0,   84370.0,   82654.0,   82368.0,   84656.0,   84942.0,   84942.0,   80938.0,   87516.0,   77792.0,   73503.0,  135564.0,  135564.0,   93522.0,  143858.0,   88946.0,  215645.0,   87802.0,   86373.0
   72720.0,  141502.0,   24543.0,   26361.0,       0.0,   79386.0,  153924.0,    9696.0,   72417.0,   81507.0,   67872.0,  112110.0,   91203.0,  136653.0,   80901.0,   41208.0,  151197.0,  152106.0,  147864.0,  142108.0,   92719.0,   59691.0,   67266.0,   83628.0,   80598.0,   82113.0,   63024.0,   73327.0,   79387.0,   79992.0,   79993.0,   80902.0,   87871.0,   75334.0,   86658.0,       0.0,   75636.0,   92575.0,  150585.0,   86674.0,   86674.0,  202326.0,  219282.0,   92545.0,   75651.0,   92527.0,  202350.0,   86674.0,   86674.0,   75611.0,   92351.0,   75379.0,   75603.0,   92330.0,   86674.0,   75348.0,   75384.0,   99159.0,   27180.0,   89123.0,  100264.0,  100264.0,  100264.0,  100264.0,   90003.0,   89127.0,   89127.0,   87288.0,   86989.0,   89407.0,   89707.0,   89707.0,   85481.0,   92425.0,   82159.0,   77615.0,  143149.0,  143149.0,   98755.0,  151906.0,   93922.0,  227708.0,   92714.0,   91204.0
   59280.0,  115350.0,   20007.0,   21489.0,       0.0,   64714.0,  125476.0,    7904.0,   59033.0,   66443.0,   55328.0,   91390.0,   74347.0,  111397.0,   65949.0,   33592.0,  123253.0,  123994.0,  120536.0,  115844.0,   75583.0,   48659.0,   54834.0,   68172.0,   65702.0,   66937.0,   51376.0,   59775.0,   64715.0,   65208.0,   65209.0,   65950.0,   71631.0,   61559.0,   70642.0,   75636.0,       0.0,   75579.0,  122828.0,   70602.0,   70602.0,  164984.0,  178729.0,   75591.0,   61878.0,   75558.0,  165003.0,   70602.0,   70602.0,   61832.0,   75349.0,   61571.0,   61727.0,   75346.0,   70602.0,   61540.0,   61601.0,   80942.0,   22140.0,   72605.0,   81672.0,   81672.0,   81672.0,   81672.0,   73316.0,   72609.0,   72609.0,   71104.0,   70861.0,   72832.0,   73075.0,   73075.0,   69633.0,   75289.0,   66927.0,   63222.0,  116605.0,  116605.0,   80443.0,  123738.0,   76506.0,  185484.0,   75522.0,   74292.0
   72720.0,  141502.0,   24543.0,   26361.0,       0.0,   79386.0,  153924.0,    9696.0,   72417.0,   81507.0,   67872.0,  112110.0,   91203.0,  136653.0,   80901.0,   41208.0,  151197.0,  152106.0,  147864.0,  142108.0,   92719.0,   59691.0,   67266.0,   83628.0,   80598.0,   82113.0,   63024.0,   73327.0,   79387.0,   79992.0,   79993.0,   80902.0,   87871.0,   75351.0,   86658.0,   92575.0,   75579.0,       0.0,  150578.0,   86674.0,   86674.0,  202335.0,  219260.0,   92560.0,   75627.0,   92499.0,  202336.0,   86674.0,   86674.0,   75640.0,   92365.0,   75421.0,   75630.0,   92333.0,   86674.0,   75365.0,   75436.0,   99184.0,   27180.0,   89128.0,  100264.0,  100264.0,  100264.0,  100264.0,   90007.0,   89132.0,   89132.0,   87294.0,   86991.0,   89411.0,   89709.0,   89710.0,   85487.0,   92431.0,   82159.0,   77614.0,  143149.0,  143149.0,   98755.0,  151906.0,   93922.0,  227708.0,   92714.0,   91204.0
  119040.0,  231633.0,   40176.0,   43152.0,       0.0,  129952.0,  251968.0,   15872.0,  118544.0,  133424.0,  111104.0,  183520.0,  149296.0,  223696.0,  132432.0,   67456.0,  247504.0,  248992.0,  242048.0,  232625.0,  151777.0,   97712.0,  110112.0,  136896.0,  131936.0,  134416.0,  103168.0,  120033.0,  129953.0,  130944.0,  130945.0,  132433.0,  143841.0,  122641.0,  141856.0,  150585.0,  122828.0,  150578.0,       0.0,  142065.0,  142065.0,  331304.0,  359000.0,  150737.0,  123109.0,  150703.0,  331287.0,  142065.0,  142065.0,  123148.0,  150623.0,  122915.0,  123312.0,  150613.0,  142065.0,  122878.0,  122903.0,  162000.0,   44550.0,  146060.0,  164340.0,  164340.0,  164340.0,  164340.0,  147514.0,  146064.0,  146064.0,  143064.0,  142570.0,  146532.0,  147025.0,  147027.0,  140097.0,  151480.0,  134640.0,  127215.0,  234631.0,  234631.0,  161866.0,  248985.0,  153945.0,  373230.0,  151965.0,  149490.0
   68881.0,  134029.0,   23248.0,   24970.0,       0.0,   75194.0,  145796.0,    9185.0,   68593.0,   77204.0,   64288.0,  106190.0,   86387.0,  129437.0,   76629.0,   39033.0,  143213.0,  144074.0,  140057.0,  134603.0,   87822.0,   56539.0,   63714.0,   79212.0,   76343.0,   77777.0,   59696.0,   69454.0,   75194.0,   75768.0,   75768.0,   76629.0,   83230.0,   70602.0,   83215.0,   86674.0,   70602.0,   86674.0,  142065.0,       0.0,   83209.0,  191048.0,  207064.0,   86658.0,   70642.0,   86658.0,  191048.0,   83209.0,   83216.0,   70642.0,   86658.0,   70642.0,   70928.0,   86658.0,   83184.0,   70642.0,   70642.0,   93236.0,   25740.0,   84370.0,   94952.0,   94952.0,   94952.0,   94952.0,   85228.0,   84370.0,   84370.0,   82654.0,   82368.0,   84656.0,   84942.0,   84942.0,   80938.0,   87516.0,   77792.0,   73503.0,  135564.0,  135564.0,   93522.0,  143858.0,   88946.0,  215645.0,   87802.0,   86373.0
   68881.0,  134029.0,   23248.0,   24970.0,       0.0,   75194.0,  145796.0,    9185.0,   68593.0,   77204.0,   64288.0,  106190.0,   86387.0,  129437.0,   76629.0,   39033.0,  143213.0,  144074.0,  140057.0,  134603.0,   87822.0,   56539.0,   63714.0,   79212.0,   76343.0,   77777.0,   59696.0,   69454.0,   75194.0,   75768.0,   75768.0,   76629.0,   83230.0,   70602.0,   83215.0,   86674.0,   70602.0,   86674.0,  142065.0,   83209.0,       0.0,  191048.0,  207064.0,   86658.0,   70642.0,   86658.0,  191048.0,   83216.0,   83201.0,   70642.0,   86658.0,   70642.0,   70928.0,   86658.0,   83177.0,   70642.0,   70642.0,   93236.0,   25740.0,   84370.0,   94952.0,   94952.0,   94952.0,   94952.0,   85228.0,   84370.0,   84370.0,   82654.0,   82368.0,   84656.0,   84942.0,   84942.0,   80938.0,   87516.0,   77792.0,   73503.0,  135564.0,  135564.0,   93522.0,  143858.0,   88946.0,  215645.0,   87802.0,   86373.0
  160320.0,  311957.0,   54108.0,   58116.0,       0.0,  175016.0,  339344.0,   21376.0,  159652.0,  179692.0,  149632.0,  247160.0,  201068.0,  301268.0,  178356.0,   90848.0,  333332.0,  335336.0,  325984.0,  313293.0,  204409.0,  131596.0,  148296.0,  184368.0,  177688.0,  181028.0,  138944.0,  161657.0,  175017.0,  176352.0,  176353.0,  178357.0,  193721.0,  164824.0,  191048.0,  202326.0,  164984.0,  202335.0,  331304.0,  191048.0,  191048.0,       0.0,  483555.0,  202734.0,  165438.0,  202672.0,  446246.0,  191429.0,  191429.0,  165390.0,  202604.0,  165253.0,  165867.0,  202628.0,  191429.0,  165261.0,  165276.0,  217938.0,   60030.0,  196775.0,  221444.0,  221444.0,  221444.0,  221444.0,  198770.0,  196779.0,  196779.0,  192764.0,  192098.0,  197436.0,  198101.0,  198104.0,  188766.0,  204105.0,  181424.0,  171419.0,  316159.0,  316159.0,  218110.0,  335501.0,  207437.0,  502918.0,  204769.0,  201434.0
