JQLU01000005.1,EDR99618.1,JQKK01000015.1,AUJT01000030.1,ATWC01000054.1,ACV39665.1,ERL25782.1,KB890278.1,ERK53440.1,ERK48421.1,ERK47820.1,KGL43917.1,CBH27300.1,EUJ40903.1,ADQ78341.1,ETE53770.1,CDC65743.1,LARF01000048.1,ACOK01000100.1,JTLD01000029.1,GAE20957.1,EKB54193.1,AEK23281.1,KN549099.1,KIX21336.1,CCB70204.1,AMA48551.1,AEW86266.1,EHO06562.1,EHO08761.1,EKB06014.1,ADQ80738.1,KGE88582.1,KGL55352.1,ALJ25681.1,ALJ26029.1,ALO30226.1,ALA94104.1,GAP82240.1,ERJ81987.1,ERJ65637.1,ERJ65503.1,ERJ64231.1,AIJ36392.1,EOA10535.1,BAK25606.1,ERJ88434.1,ERJ87335.1,EIW94777.1,AAQ65551.1,KGN88274.1,KKC50278.1,KGN87312.1,KGN85385.1,KGN76020.1,KGO05347.1,KGL48767.1,KB899147.1,JHUW01000010.1,EJP27887.1,KIP58075.1,KIP63359.1,KIP62088.1,KIP58950.1,BAKF01000019.1,EFU31981.1,JVYU01002440.1,BAJY01000004.1,AFJ07523.1,KE392225.1,KJJ86756.1,EGQ18444.1,ERJ98772.1,BAJN01000005.1,EKY00089.1,BAKN01000001.1,AKP71851.1,AGC41344.1,AKQ40303.1,JTLI01000096.1,KDE72144.1,EHO19081.1,EIJ68860.1,JHXW01000011.1
       0.0,  115168.0,   20984.0,   22449.0,       0.0,   65149.0,  125173.0,    9029.0,   59536.0,   66857.0,   55876.0,   91500.0,   74665.0,  111264.0,   66368.0,   34404.0,  122976.0,  123708.0,  120292.0,  115656.0,   75884.0,   49288.0,   55388.0,   68564.0,   66125.0,   67344.0,   51972.0,   60268.0,   65149.0,   65636.0,   65636.0,   66368.0,   71980.0,   61244.0,   71005.0,   74908.0,   61244.0,   74908.0,  122000.0,   71005.0,   71005.0,  163968.0,  177632.0,   74908.0,   61244.0,   74908.0,  163968.0,   71005.0,   71005.0,   61244.0,   74908.0,   61244.0,   61488.0,   74908.0,   71005.0,   61244.0,   61244.0,   80520.0,   22936.0,   72957.0,   81984.0,   81984.0,   81984.0,   81984.0,   73688.0,   72957.0,   72957.0,   71492.0,   71248.0,   73200.0,   73444.0,   73444.0,   70029.0,   75641.0,   67345.0,   63684.0,  116632.0,  116632.0,   80764.0,  123708.0,   76860.0,  184953.0,   75884.0,   74665.0
  115168.0,       0.0,   40506.0,   43332.0,       0.0,  125757.0,  241623.0,   17427.0,  114924.0,  129054.0,  107860.0,  176625.0,  144127.0,  214776.0,  128114.0,   66411.0,  237410.0,  238822.0,  232221.0,  223255.0,  146484.0,   95143.0,  106918.0,  132351.0,  127642.0,  129998.0,  100323.0,  116338.0,  125757.0,  126699.0,  126699.0,  128113.0,  138946.0,  118222.0,  137061.0,  144598.0,  118222.0,  144598.0,  235501.0,  137061.0,  137061.0,  316513.0,  342889.0,  144598.0,  118222.0,  144598.0,  316513.0,  137061.0,  137061.0,  118222.0,  144598.0,  118222.0,  118693.0,  144598.0,  137061.0,  118222.0,  118222.0,  155430.0,   44275.0,  140830.0,  158257.0,  158257.0,  158257.0,  158257.0,  142243.0,  140830.0,  140830.0,  138004.0,  137533.0,  141301.0,  141772.0,  141772.0,  135177.0,  146010.0,  129996.0,  122931.0,  225139.0,  225139.0,  155902.0,  238797.0,  148366.0,  357018.0,  146482.0,  144126.0
   20984.0,   40506.0,       0.0,    7830.0,      19.0,   22695.0,   43605.0,    3145.0,   20740.0,   23290.0,   19465.0,   31875.0,   26010.0,   38760.0,   23120.0,   11986.0,   42840.0,   43095.0,   41906.0,   40290.0,   26435.0,   17170.0,   19295.0,   23885.0,   23035.0,   23460.0,   18105.0,   20995.0,   22695.0,   22865.0,   22865.0,   23120.0,   25075.0,   21335.0,   24736.0,   26095.0,   21335.0,   26095.0,   42500.0,   24736.0,   24736.0,   57120.0,   61880.0,   26095.0,   21335.0,   26095.0,   57120.0,   24736.0,   24736.0,   21335.0,   26095.0,   21335.0,   21420.0,   26095.0,   24736.0,   21335.0,   21335.0,   28050.0,    7990.0,   25415.0,   28560.0,   28560.0,   28560.0,   28560.0,   25670.0,   25415.0,   25415.0,   24905.0,   24820.0,   25500.0,   25585.0,   25585.0,   24395.0,   26350.0,   23460.0,   22187.0,   40630.0,   40630.0,   28135.0,   43095.0,   26775.0,   64432.0,   26435.0,   26010.0
   22449.0,   43332.0,    7830.0,       0.0,       0.0,   24297.0,   46683.0,    3368.0,   22204.0,   24935.0,   20839.0,   34125.0,   27846.0,   41496.0,   24752.0,   12831.0,   45864.0,   46138.0,   44864.0,   43134.0,   28301.0,   18382.0,   20657.0,   25571.0,   24663.0,   25116.0,   19383.0,   22477.0,   24297.0,   24479.0,   24479.0,   24752.0,   26845.0,   22841.0,   26482.0,   27937.0,   22841.0,   27937.0,   45500.0,   26482.0,   26482.0,   61152.0,   66248.0,   27937.0,   22841.0,   27937.0,   61152.0,   26482.0,   26482.0,   22841.0,   27937.0,   22841.0,   22932.0,   27937.0,   26482.0,   22841.0,   22841.0,   30031.0,    8555.0,   27209.0,   30576.0,   30576.0,   30576.0,   30576.0,   27482.0,   27209.0,   27209.0,   26663.0,   26572.0,   27300.0,   27391.0,   27391.0,   26117.0,   28211.0,   25116.0,   23751.0,   43498.0,   43498.0,   30121.0,   46137.0,   28665.0,   68979.0,   28301.0,   27847.0
       0.0,       0.0,      19.0,       0.0,       0.0,       0.0,       0.0,       0.0,       0.0,       0.0,       0.0,       0.0,       0.0,       0.0,       0.0,       0.0,       0.0,       0.0,       0.0,       0.0,       0.0,       0.0,       0.0,       0.0,       0.0,       0.0,       0.0,       0.0,       0.0,       0.0,       0.0,       0.0,       0.0,       0.0,       0.0,       0.0,       0.0,       0.0,       0.0,       0.0,       0.0,       0.0,       0.0,       0.0,       0.0,       0.0,       0.0,       0.0,       0.0,       0.0,       0.0,       0.0,       0.0,       0.0,       0.0,       0.0,       0.0,       0.0,       0.0,       0.0,       0.0,       0.0,       0.0,       0.0,       0.0,       0.0,       0.0,       0.0,       0.0,       0.0,       0.0,       0.0,       0.0,       0.0,       0.0,       0.0,       0.0,       0.0,       0.0,       0.0,       0.0,       0.0,       0.0,       0.0
   65149.0,  125757.0,   22695.0,   24297.0,       0.0,       0.0,  136993.0,    9842.0,   64906.0,   73459.0,   60941.0,   99751.0,   81398.0,  121297.0,   72352.0,   37506.0,  134065.0,  134862.0,  131138.0,  126084.0,   82726.0,   53732.0,   60382.0,   74746.0,   72086.0,   73416.0,   56658.0,   65702.0,   71023.0,   71554.0,   71554.0,   72352.0,   78470.0,   66766.0,   77406.0,   81662.0,   66766.0,   81662.0,  133000.0,   77406.0,   77406.0,  178752.0,  193648.0,   81662.0,   66766.0,   81662.0,  178752.0,   77406.0,   77406.0,   66766.0,   81662.0,   66766.0,   67032.0,   81662.0,   77406.0,   66766.0,   66766.0,   87780.0,   25004.0,   79535.0,   89376.0,   89376.0,   89376.0,   89376.0,   80333.0,   79535.0,   79535.0,   77938.0,   77673.0,   79801.0,   80067.0,   80067.0,   76343.0,   82461.0,   73417.0,   69426.0,  127148.0,  127148.0,   88046.0,  134862.0,   83790.0,  201628.0,   82726.0,   81396.0
  125173.0,  241623.0,   43605.0,   46683.0,       0.0,  136993.0,       0.0,   18944.0,  124930.0,  140650.0,  117268.0,  192001.0,  156672.0,  233473.0,  139264.0,   72192.0,  258049.0,  259584.0,  252416.0,  242688.0,  159232.0,  103424.0,  116224.0,  143872.0,  138752.0,  141312.0,  109056.0,  126464.0,  136705.0,  137728.0,  137728.0,  139264.0,  151040.0,  128512.0,  148992.0,  157184.0,  128512.0,  157184.0,  256000.0,  148992.0,  148992.0,  344064.0,  372736.0,  157184.0,  128512.0,  157184.0,  344064.0,  148992.0,  148992.0,  128512.0,  157184.0,  128512.0,  129024.0,  157184.0,  148992.0,  128512.0,  128512.0,  168960.0,   48128.0,  153089.0,  172032.0,  172032.0,  172032.0,  172032.0,  154625.0,  153089.0,  153089.0,  150016.0,  149505.0,  153601.0,  154113.0,  154113.0,  146945.0,  158721.0,  141313.0,  133632.0,  244736.0,  244736.0,  169472.0,  259584.0,  161280.0,  388096.0,  159232.0,  156672.0
    9029.0,   17427.0,    3145.0,    3368.0,       0.0,    9842.0,   18944.0,       0.0,    8784.0,    9865.0,    8244.0,   13500.0,   11016.0,   16416.0,    9792.0,    5076.0,   18144.0,   18252.0,   17748.0,   17064.0,   11196.0,    7272.0,    8172.0,   10116.0,    9757.0,    9936.0,    7668.0,    8892.0,    9612.0,    9685.0,    9684.0,    9792.0,   10620.0,    9036.0,   10477.0,   11052.0,    9036.0,   11052.0,   18000.0,   10477.0,   10477.0,   24192.0,   26208.0,   11052.0,    9036.0,   11052.0,   24192.0,   10477.0,   10477.0,    9036.0,   11052.0,    9036.0,    9072.0,   11052.0,   10477.0,    9036.0,    9036.0,   11880.0,    3384.0,   10764.0,   12096.0,   12096.0,   12096.0,   12096.0,   10872.0,   10764.0,   10764.0,   10548.0,   10512.0,   10800.0,   10836.0,   10836.0,   10332.0,   11160.0,    9937.0,    9396.0,   17208.0,   17208.0,   11916.0,   18252.0,   11340.0,   27289.0,   11196.0,   11018.0
   59536.0,  114924.0,   20740.0,   22204.0,       0.0,   64906.0,  124930.0,    8784.0,       0.0,   66583.0,   55648.0,   91126.0,   74358.0,  110809.0,   66096.0,   34263.0,  122473.0,  123201.0,  119799.0,  115183.0,   75573.0,   49086.0,   55161.0,   68283.0,   65853.0,   67068.0,   51759.0,   60021.0,   64881.0,   65368.0,   65368.0,   66096.0,   71685.0,   60993.0,   70713.0,   74601.0,   60993.0,   74601.0,  121500.0,   70713.0,   70713.0,  163296.0,  176904.0,   74601.0,   60993.0,   74601.0,  163296.0,   70713.0,   70713.0,   60993.0,   74601.0,   60993.0,   61236.0,   74601.0,   70713.0,   60993.0,   60993.0,   80190.0,   22842.0,   72657.0,   81648.0,   81648.0,   81648.0,   81648.0,   73387.0,   72657.0,   72657.0,   71199.0,   70957.0,   72901.0,   73144.0,   73144.0,   69741.0,   75330.0,   67068.0,   63423.0,  116154.0,  116154.0,   80433.0,  123201.0,   76545.0,  184194.0,   75573.0,   74358.0
   66857.0,  129054.0,   23290.0,   24935.0,       0.0,   73459.0,  140650.0,    9865.0,   66583.0,       0.0,   62537.0,  102377.0,   83538.0,  124490.0,   74256.0,   38493.0,  137593.0,  138411.0,  134589.0,  129402.0,   84903.0,   55146.0,   61971.0,   76713.0,   73984.0,   75348.0,   58149.0,   67431.0,   72891.0,   73437.0,   73437.0,   74256.0,   80535.0,   68523.0,   79444.0,   83811.0,   68523.0,   83811.0,  136500.0,   79444.0,   79444.0,  183456.0,  198744.0,   83811.0,   68523.0,   83811.0,  183456.0,   79444.0,   79444.0,   68523.0,   83811.0,   68523.0,   68796.0,   83811.0,   79444.0,   68523.0,   68523.0,   90090.0,   25662.0,   81627.0,   91728.0,   91728.0,   91728.0,   91728.0,   82447.0,   81627.0,   81627.0,   79989.0,   79717.0,   81901.0,   82174.0,   82174.0,   78351.0,   84630.0,   75348.0,   71253.0,  130494.0,  130494.0,   90363.0,  138411.0,   85995.0,  206935.0,   84903.0,   83539.0
   55876.0,  107860.0,   19465.0,   20839.0,       0.0,   60941.0,  117268.0,    8244.0,   55648.0,   62537.0,       0.0,   85501.0,   69769.0,  103969.0,   62019.0,   32148.0,  114913.0,  115597.0,  112404.0,  108073.0,   70909.0,   46057.0,   51757.0,   64068.0,   61789.0,   62932.0,   48564.0,   56316.0,   60876.0,   61333.0,   61333.0,   62017.0,   67260.0,   57228.0,   66348.0,   69996.0,   57228.0,   69996.0,  114000.0,   66348.0,   66348.0,  153216.0,  165984.0,   69996.0,   57228.0,   69996.0,  153216.0,   66348.0,   66348.0,   57228.0,   69996.0,   57228.0,   57456.0,   69996.0,   66348.0,   57228.0,   57228.0,   75240.0,   21433.0,   68173.0,   76609.0,   76609.0,   76609.0,   76609.0,   68857.0,   68173.0,   68173.0,   66805.0,   66577.0,   68401.0,   68629.0,   68629.0,   65436.0,   70680.0,   62928.0,   59508.0,  108984.0,  108984.0,   75468.0,  115596.0,   71821.0,  172824.0,   70909.0,   69768.0
   91500.0,  176625.0,   31875.0,   34125.0,       0.0,   99751.0,  192001.0,   13500.0,   91126.0,  102377.0,   85501.0,       0.0,  114452.0,  171451.0,  101728.0,   52734.0,  188497.0,  189618.0,  184382.0,  177276.0,  116314.0,   75548.0,   84898.0,  105095.0,  101354.0,  103224.0,   79662.0,   92378.0,   99858.0,  100606.0,  100606.0,  101728.0,  110330.0,   93874.0,  108834.0,  114818.0,   93874.0,  114818.0,  187000.0,  108834.0,  108834.0,  251328.0,  272272.0,  114818.0,   93874.0,  114818.0,  251328.0,  108834.0,  108834.0,   93874.0,  114818.0,   93874.0,   94248.0,  114818.0,  108834.0,   93874.0,   93874.0,  123420.0,   35156.0,  111826.0,  125665.0,  125665.0,  125665.0,  125665.0,  112949.0,  111826.0,  111826.0,  109582.0,  109209.0,  112201.0,  112575.0,  112575.0,  107338.0,  115940.0,  103224.0,   97614.0,  178772.0,  178772.0,  123794.0,  189618.0,  117810.0,  283492.0,  116314.0,  114444.0
   74665.0,  144127.0,   26010.0,   27846.0,       0.0,   81398.0,  156672.0,   11016.0,   74358.0,   83538.0,   69769.0,  114452.0,       0.0,  139087.0,   82964.0,   43005.0,  153723.0,  154636.0,  150365.0,  144570.0,   94856.0,   61611.0,   69236.0,   85706.0,   82656.0,   84182.0,   64965.0,   75335.0,   81435.0,   82045.0,   82045.0,   82961.0,   89975.0,   76555.0,   88755.0,   93635.0,   76555.0,   93635.0,  152500.0,   88755.0,   88755.0,  204960.0,  222040.0,   93635.0,   76555.0,   93635.0,  204960.0,   88755.0,   88755.0,   76555.0,   93635.0,   76555.0,   76860.0,   93635.0,   88755.0,   76555.0,   76555.0,  100650.0,   28671.0,   91196.0,  102482.0,  102482.0,  102482.0,  102482.0,   92111.0,   91196.0,   91196.0,   89366.0,   89061.0,   91501.0,   91806.0,   91806.0,   87535.0,   94550.0,   84180.0,   79605.0,  145790.0,  145790.0,  100955.0,  154635.0,   96076.0,  231190.0,   94856.0,   93330.0
  111264.0,  214776.0,   38760.0,   41496.0,       0.0,  121297.0,  233473.0,   16416.0,  110809.0,  124490.0,  103969.0,  171451.0,  139087.0,       0.0,  123760.0,   64156.0,  229321.0,  230685.0,  224315.0,  215670.0,  141505.0,   91911.0,  103286.0,  127856.0,  123305.0,  125580.0,   96917.0,  112385.0,  121485.0,  122395.0,  122395.0,  123760.0,  134225.0,  114205.0,  132405.0,  139685.0,  114205.0,  139685.0,  227500.0,  132405.0,  132405.0,  305760.0,  331240.0,  139685.0,  114205.0,  139685.0,  305760.0,  132405.0,  132405.0,  114205.0,  139685.0,  114205.0,  114660.0,  139685.0,  132405.0,  114205.0,  114205.0,  150150.0,   42770.0,  136045.0,  152880.0,  152880.0,  152880.0,  152880.0,  137411.0,  136045.0,  136045.0,  133315.0,  132861.0,  136501.0,  136956.0,  136956.0,  130585.0,  141050.0,  125580.0,  118755.0,  217491.0,  217491.0,  150606.0,  230685.0,  143325.0,  344890.0,  141505.0,  139230.0
   66368.0,  128114.0,   23120.0,   24752.0,       0.0,   72352.0,  139264.0,    9792.0,   66096.0,   74256.0,   62019.0,  101728.0,   82964.0,  123760.0,       0.0,   38211.0,  136586.0,  137399.0,  133603.0,  128454.0,   84283.0,   54744.0,   61519.0,   76151.0,   73443.0,   74801.0,   57723.0,   66937.0,   72357.0,   72899.0,   72899.0,   73714.0,   79945.0,   68021.0,   78861.0,   83197.0,   68021.0,   83197.0,  135500.0,   78861.0,   78861.0,  182112.0,  197288.0,   83197.0,   68021.0,   83197.0,  182112.0,   78861.0,   78861.0,   68021.0,   83197.0,   68021.0,   68292.0,   83197.0,   78861.0,   68021.0,   68021.0,   89430.0,   25476.0,   81031.0,   91059.0,   91059.0,   91059.0,   91059.0,   81844.0,   81031.0,   81031.0,   79405.0,   79134.0,   81302.0,   81573.0,   81573.0,   77777.0,   84010.0,   74796.0,   70731.0,  129538.0,  129538.0,   89701.0,  137397.0,   85367.0,  205418.0,   84283.0,   82926.0
   34404.0,   66411.0,   11986.0,   12831.0,       0.0,   37506.0,   72192.0,    5076.0,   34263.0,   38493.0,   32148.0,   52734.0,   43005.0,   64156.0,   38211.0,       0.0,   70560.0,   70980.0,   69021.0,   66360.0,   43540.0,   28281.0,   31781.0,   39341.0,   37940.0,   38640.0,   29821.0,   34580.0,   37380.0,   37660.0,   37660.0,   38080.0,   41300.0,   35140.0,   40741.0,   42980.0,   35140.0,   42980.0,   70000.0,   40741.0,   40741.0,   94080.0,  101920.0,   42980.0,   35140.0,   42980.0,   94080.0,   40741.0,   40741.0,   35140.0,   42980.0,   35140.0,   35280.0,   42980.0,   40741.0,   35140.0,   35140.0,   46200.0,   13160.0,   41860.0,   47040.0,   47040.0,   47040.0,   47040.0,   42280.0,   41860.0,   41860.0,   41020.0,   40880.0,   42000.0,   42140.0,   42140.0,   40180.0,   43400.0,   38640.0,   36541.0,   66921.0,   66921.0,   46341.0,   70980.0,   44100.0,  106120.0,   43540.0,   42840.0
  122976.0,  237410.0,   42840.0,   45864.0,       0.0,  134065.0,  258049.0,   18144.0,  122473.0,  137593.0,  114913.0,  188497.0,  153723.0,  229321.0,  136586.0,   70560.0,       0.0,  255812.0,  248012.0,  238422.0,  156434.0,  101607.0,  114182.0,  141343.0,  136314.0,  138830.0,  107139.0,  124241.0,  134301.0,  135307.0,  135307.0,  136817.0,  148385.0,  126253.0,  146373.0,  154421.0,  126253.0,  154421.0,  251500.0,  146373.0,  146373.0,  338016.0,  366184.0,  154421.0,  126253.0,  154421.0,  338016.0,  146373.0,  146373.0,  126253.0,  154421.0,  126253.0,  126756.0,  154421.0,  146373.0,  126253.0,  126253.0,  165990.0,   47283.0,  150398.0,  169009.0,  169009.0,  169009.0,  169009.0,  151908.0,  150398.0,  150398.0,  147380.0,  146878.0,  150902.0,  151405.0,  151405.0,  144361.0,  155930.0,  138828.0,  131283.0,  240434.0,  240434.0,  166493.0,  255021.0,  158446.0,  381274.0,  156434.0,  153918.0
  123708.0,  238822.0,   43095.0,   46138.0,       0.0,  134862.0,  259584.0,   18252.0,  123201.0,  138411.0,  115597.0,  189618.0,  154636.0,  230685.0,  137399.0,   70980.0,  255812.0,       0.0,  249491.0,  239844.0,  157367.0,  102213.0,  114863.0,  142186.0,  137127.0,  139658.0,  107778.0,  124982.0,  135102.0,  136114.0,  136114.0,  137633.0,  149270.0,  127006.0,  147246.0,  155342.0,  127006.0,  155342.0,  253000.0,  147246.0,  147246.0,  340032.0,  368368.0,  155342.0,  127006.0,  155342.0,  340032.0,  147246.0,  147246.0,  127006.0,  155342.0,  127006.0,  127512.0,  155342.0,  147246.0,  127006.0,  127006.0,  166981.0,   47566.0,  151295.0,  170017.0,  170017.0,  170017.0,  170017.0,  152813.0,  151295.0,  151295.0,  148259.0,  147753.0,  151801.0,  152307.0,  152307.0,  145222.0,  156861.0,  139656.0,  132066.0,  241868.0,  241868.0,  167486.0,  256542.0,  159391.0,  383548.0,  157367.0,  154836.0
  120292.0,  232221.0,   41906.0,   44864.0,       0.0,  131138.0,  252416.0,   17748.0,  119799.0,  134589.0,  112404.0,  184382.0,  150365.0,  224315.0,  133603.0,   69021.0,  248012.0,  249491.0,       0.0,  233208.0,  153012.0,   99384.0,  111684.0,  138252.0,  133332.0,  135792.0,  104796.0,  121524.0,  131364.0,  132348.0,  132348.0,  133824.0,  145140.0,  123492.0,  143173.0,  151044.0,  123492.0,  151044.0,  246000.0,  143173.0,  143173.0,  330624.0,  358176.0,  151044.0,  123492.0,  151044.0,  330624.0,  143173.0,  143173.0,  123492.0,  151044.0,  123492.0,  123984.0,  151044.0,  143173.0,  123492.0,  123492.0,  162361.0,   46249.0,  147108.0,  165312.0,  165312.0,  165312.0,  165312.0,  148584.0,  147108.0,  147108.0,  144156.0,  143664.0,  147600.0,  148092.0,  148092.0,  141204.0,  152521.0,  135792.0,  128413.0,  235176.0,  235176.0,  162852.0,  249444.0,  154980.0,  372936.0,  153012.0,  150552.0
  115656.0,  223255.0,   40290.0,   43134.0,       0.0,  126084.0,  242688.0,   17064.0,  115183.0,  129402.0,  108073.0,  177276.0,  144570.0,  215670.0,  128454.0,   66360.0,  238422.0,  239844.0,  233208.0,       0.0,  147104.0,   95546.0,  107371.0,  132913.0,  128183.0,  130548.0,  100749.0,  116832.0,  126291.0,  127238.0,  127238.0,  128656.0,  139536.0,  118724.0,  137643.0,  145212.0,  118724.0,  145212.0,  236501.0,  137643.0,  137643.0,  317857.0,  344345.0,  145212.0,  118724.0,  145212.0,  317857.0,  137643.0,  137643.0,  118724.0,  145212.0,  118724.0,  119197.0,  145212.0,  137643.0,  118724.0,  118724.0,  156090.0,   44462.0,  141427.0,  158928.0,  158928.0,  158928.0,  158928.0,  142846.0,  141427.0,  141427.0,  138589.0,  138116.0,  141900.0,  142373.0,  142373.0,  135751.0,  146630.0,  130548.0,  123453.0,  226096.0,  226096.0,  156565.0,  239811.0,  148995.0,  358534.0,  147103.0,  144738.0
   75884.0,  146484.0,   26435.0,   28301.0,       0.0,   82726.0,  159232.0,   11196.0,   75573.0,   84903.0,   70909.0,  116314.0,   94856.0,  141505.0,   84283.0,   43540.0,  156434.0,  157367.0,  153012.0,  147104.0,       0.0,   62621.0,   70371.0,   87110.0,   84011.0,   85562.0,   66030.0,   76571.0,   82770.0,   83390.0,   83390.0,   84321.0,   91451.0,   77811.0,   90215.0,   95171.0,   77811.0,   95171.0,  155001.0,   90215.0,   90215.0,  208321.0,  225681.0,   95171.0,   77811.0,   95171.0,  208321.0,   90215.0,   90215.0,   77811.0,   95171.0,   77811.0,   78121.0,   95171.0,   90215.0,   77811.0,   77811.0,  102300.0,   29141.0,   92691.0,  104161.0,  104161.0,  104161.0,  104161.0,   93621.0,   92691.0,   92691.0,   90831.0,   90521.0,   93001.0,   93311.0,   93311.0,   88970.0,   96100.0,   85560.0,   80910.0,  148181.0,  148181.0,  102611.0,  157170.0,   97651.0,  234980.0,   96411.0,   94860.0
   49288.0,   95143.0,   17170.0,   18382.0,       0.0,   53732.0,  103424.0,    7272.0,   49086.0,   55146.0,   46057.0,   75548.0,   61611.0,   91911.0,   54744.0,   28281.0,  101607.0,  102213.0,   99384.0,   95546.0,   62621.0,       0.0,   45823.0,   56500.0,   54482.0,   55478.0,   42816.0,   49649.0,   53691.0,   54093.0,   54093.0,   54673.0,   59295.0,   50451.0,   58491.0,   61707.0,   50451.0,   61707.0,  100500.0,   58491.0,   58491.0,  135072.0,  146328.0,   61707.0,   50451.0,   61707.0,  135072.0,   58491.0,   58491.0,   50451.0,   61707.0,   50451.0,   50652.0,   61707.0,   58491.0,   50451.0,   50451.0,   66330.0,   18895.0,   60100.0,   67537.0,   67537.0,   67537.0,   67537.0,   60703.0,   60100.0,   60100.0,   58894.0,   58693.0,   60301.0,   60502.0,   60502.0,   57687.0,   62310.0,   55476.0,   52461.0,   96079.0,   96079.0,   66532.0,  101907.0,   63316.0,  152358.0,   62512.0,   61506.0
   55388.0,  106918.0,   19295.0,   20657.0,       0.0,   60382.0,  116224.0,    8172.0,   55161.0,   61971.0,   51757.0,   84898.0,   69236.0,  103286.0,   61519.0,   31781.0,  114182.0,  114863.0,  111684.0,  107371.0,   70371.0,   45823.0,       0.0,   63525.0,   61257.0,   62378.0,   48141.0,   55824.0,   60375.0,   60826.0,   60827.0,   61473.0,   66670.0,   56726.0,   65766.0,   69382.0,   56726.0,   69382.0,  113000.0,   65766.0,   65766.0,  151872.0,  164528.0,   69382.0,   56726.0,   69382.0,  151872.0,   65766.0,   65766.0,   56726.0,   69382.0,   56726.0,   56952.0,   69382.0,   65766.0,   56726.0,   56726.0,   74580.0,   21245.0,   67575.0,   75937.0,   75937.0,   75937.0,   75937.0,   68253.0,   67575.0,   67575.0,   66219.0,   65993.0,   67801.0,   68027.0,   68027.0,   64862.0,   70060.0,   62376.0,   58986.0,  108029.0,  108029.0,   74807.0,  114582.0,   71191.0,  171308.0,   70287.0,   69156.0
   68564.0,  132351.0,   23885.0,   25571.0,       0.0,   74746.0,  143872.0,   10116.0,   68283.0,   76713.0,   64068.0,  105095.0,   85706.0,  127856.0,   76151.0,   39341.0,  141343.0,  142186.0,  138252.0,  132913.0,   87110.0,   56500.0,   63525.0,       0.0,   75894.0,   77280.0,   59651.0,   69170.0,   74766.0,   75326.0,   75326.0,   76160.0,   82600.0,   70280.0,   81480.0,   85960.0,   70280.0,   85960.0,  140000.0,   81480.0,   81480.0,  188160.0,  203840.0,   85960.0,   70280.0,   85960.0,  188160.0,   81480.0,   81480.0,   70280.0,   85960.0,   70280.0,   70560.0,   85960.0,   81480.0,   70280.0,   70280.0,   92400.0,   26320.0,   83720.0,   94081.0,   94081.0,   94081.0,   94081.0,   84560.0,   83720.0,   83720.0,   82040.0,   81760.0,   84000.0,   84280.0,   84280.0,   80360.0,   86800.0,   77280.0,   73080.0,  133841.0,  133841.0,   92681.0,  141960.0,   88200.0,  212240.0,   87080.0,   85680.0
   66125.0,  127642.0,   23035.0,   24663.0,       0.0,   72086.0,  138752.0,    9757.0,   65853.0,   73984.0,   61789.0,  101354.0,   82656.0,  123305.0,   73443.0,   37940.0,  136314.0,  137127.0,  133332.0,  128183.0,   84011.0,   54482.0,   61257.0,   75894.0,       0.0,   74523.0,   57513.0,   66693.0,   72094.0,   72634.0,   72634.0,   73441.0,   79650.0,   67770.0,   78571.0,   82890.0,   67770.0,   82890.0,  135000.0,   78571.0,   78571.0,  181440.0,  196560.0,   82890.0,   67770.0,   82890.0,  181440.0,   78571.0,   78571.0,   67770.0,   82890.0,   67770.0,   68040.0,   82890.0,   78571.0,   67770.0,   67770.0,   89100.0,   25381.0,   80731.0,   90721.0,   90721.0,   90721.0,   90721.0,   81541.0,   80731.0,   80731.0,   79111.0,   78841.0,   81001.0,   81271.0,   81271.0,   77490.0,   83700.0,   74520.0,   70470.0,  129060.0,  129060.0,   89370.0,  136890.0,   85051.0,  204661.0,   83971.0,   82621.0
   67344.0,  129998.0,   23460.0,   25116.0,       0.0,   73416.0,  141312.0,    9936.0,   67068.0,   75348.0,   62932.0,  103224.0,   84182.0,  125580.0,   74801.0,   38640.0,  138830.0,  139658.0,  135792.0,  130548.0,   85562.0,   55478.0,   62378.0,   77280.0,   74523.0,       0.0,   58575.0,   67925.0,   73425.0,   73975.0,   73975.0,   74813.0,   81125.0,   69025.0,   80025.0,   84425.0,   69025.0,   84425.0,  137500.0,   80025.0,   80025.0,  184800.0,  200200.0,   84425.0,   69025.0,   84425.0,  184800.0,   80025.0,   80025.0,   69025.0,   84425.0,   69025.0,   69300.0,   84425.0,   80025.0,   69025.0,   69025.0,   90750.0,   25852.0,   82227.0,   92402.0,   92402.0,   92402.0,   92402.0,   83052.0,   82227.0,   82227.0,   80577.0,   80302.0,   82502.0,   82777.0,   82777.0,   78925.0,   85250.0,   75900.0,   71775.0,  131450.0,  131450.0,   91025.0,  139425.0,   86627.0,  208450.0,   85527.0,   84150.0
   51972.0,  100323.0,   18105.0,   19383.0,       0.0,   56658.0,  109056.0,    7668.0,   51759.0,   58149.0,   48564.0,   79662.0,   64965.0,   96917.0,   57723.0,   29821.0,  107139.0,  107778.0,  104796.0,  100749.0,   66030.0,   42816.0,   48141.0,   59651.0,   57513.0,   58575.0,       0.0,   53393.0,   56604.0,   57028.0,   57028.0,   57664.0,   62540.0,   53212.0,   61692.0,   65084.0,   53212.0,   65084.0,  106000.0,   61692.0,   61692.0,  142464.0,  154336.0,   65085.0,   53212.0,   65084.0,  142464.0,   61692.0,   61692.0,   53212.0,   65084.0,   53213.0,   53424.0,   65084.0,   61692.0,   53212.0,   53212.0,   69960.0,   19928.0,   63388.0,   71232.0,   71232.0,   71232.0,   71232.0,   64024.0,   63388.0,   63388.0,   62116.0,   61904.0,   63600.0,   63812.0,   63812.0,   60844.0,   65720.0,   58512.0,   55332.0,  101337.0,  101337.0,   70173.0,  107484.0,   66780.0,  160696.0,   65932.0,   64872.0
   60268.0,  116338.0,   20995.0,   22477.0,       0.0,   65702.0,  126464.0,    8892.0,   60021.0,   67431.0,   56316.0,   92378.0,   75335.0,  112385.0,   66937.0,   34580.0,  124241.0,  124982.0,  121524.0,  116832.0,   76571.0,   49649.0,   55824.0,   69170.0,   66693.0,   67925.0,   53393.0,       0.0,   65682.0,   66174.0,   66174.0,   66912.0,   72571.0,   61747.0,   71586.0,   75523.0,   61747.0,   75523.0,  123001.0,   71586.0,   71586.0,  165313.0,  179089.0,   75524.0,   61747.0,   75523.0,  165313.0,   71586.0,   71586.0,   61747.0,   75523.0,   61748.0,   61993.0,   75523.0,   71586.0,   61747.0,   61747.0,   81180.0,   23124.0,   73554.0,   82656.0,   82656.0,   82656.0,   82656.0,   74292.0,   73554.0,   73554.0,   72078.0,   71832.0,   73800.0,   74046.0,   74046.0,   70602.0,   76260.0,   67896.0,   64206.0,  117589.0,  117589.0,   81427.0,  124722.0,   77490.0,  186468.0,   76506.0,   75276.0
   65149.0,  125757.0,   22695.0,   24297.0,       0.0,   71023.0,  136705.0,    9612.0,   64881.0,   72891.0,   60876.0,   99858.0,   81435.0,  121485.0,   72357.0,   37380.0,  134301.0,  135102.0,  131364.0,  126291.0,   82770.0,   53691.0,   60375.0,   74766.0,   72094.0,   73425.0,   56604.0,   65682.0,       0.0,   72644.0,   72634.0,   72353.0,   78470.0,   66767.0,   77406.0,   81663.0,   66767.0,   81663.0,  133001.0,   77406.0,   77406.0,  178753.0,  193649.0,   81662.0,   66767.0,   81663.0,  178753.0,   77406.0,   77406.0,   66767.0,   81663.0,   66766.0,   67033.0,   81663.0,   77406.0,   66767.0,   66767.0,   87781.0,   25004.0,   79535.0,   89376.0,   89376.0,   89376.0,   89376.0,   80332.0,   79535.0,   79535.0,   77938.0,   77672.0,   79800.0,   80066.0,   80066.0,   76343.0,   82461.0,   73417.0,   69426.0,  127148.0,  127148.0,   88046.0,  134862.0,   83790.0,  201628.0,   82726.0,   81396.0
   65636.0,  126699.0,   22865.0,   24479.0,       0.0,   71554.0,  137728.0,    9685.0,   65368.0,   73437.0,   61333.0,  100606.0,   82045.0,  122395.0,   72899.0,   37660.0,  135307.0,  136114.0,  132348.0,  127238.0,   83390.0,   54093.0,   60826.0,   75326.0,   72634.0,   73975.0,   57028.0,   66174.0,   72644.0,       0.0,   73164.0,   72896.0,   79060.0,   67268.0,   77988.0,   82276.0,   67268.0,   82276.0,  134000.0,   77988.0,   77988.0,  180096.0,  195104.0,   82276.0,   67268.0,   82276.0,  180096.0,   77988.0,   77988.0,   67268.0,   82276.0,   67268.0,   67536.0,   82276.0,   77988.0,   67268.0,   67268.0,   88440.0,   25192.0,   80132.0,   90048.0,   90048.0,   90048.0,   90048.0,   80936.0,   80132.0,   80132.0,   78524.0,   78256.0,   80400.0,   80668.0,   80668.0,   76916.0,   83080.0,   73969.0,   69948.0,  128104.0,  128104.0,   88708.0,  135876.0,   84420.0,  203144.0,   83348.0,   82009.0
   65636.0,  126699.0,   22865.0,   24479.0,       0.0,   71554.0,  137728.0,    9684.0,   65368.0,   73437.0,   61333.0,  100606.0,   82045.0,  122395.0,   72899.0,   37660.0,  135307.0,  136114.0,  132348.0,  127238.0,   83390.0,   54093.0,   60827.0,   75326.0,   72634.0,   73975.0,   57028.0,   66174.0,   72634.0,   73164.0,       0.0,   72897.0,   79060.0,   67269.0,   77988.0,   82277.0,   67269.0,   82277.0,  134001.0,   77988.0,   77988.0,  180097.0,  195105.0,   82276.0,   67269.0,   82277.0,  180097.0,   77988.0,   77988.0,   67269.0,   82277.0,   67268.0,   67537.0,   82277.0,   77988.0,   67269.0,   67269.0,   88441.0,   25192.0,   80132.0,   90048.0,   90048.0,   90048.0,   90048.0,   80936.0,   80132.0,   80132.0,   78524.0,   78256.0,   80400.0,   80668.0,   80668.0,   76916.0,   83080.0,   73968.0,   69948.0,  128104.0,  128104.0,   88708.0,  135876.0,   84420.0,  203144.0,   83348.0,   82008.0
   66368.0,  128113.0,   23120.0,   24752.0,       0.0,   72352.0,  139264.0,    9792.0,   66096.0,   74256.0,   62017.0,  101728.0,   82961.0,  123760.0,   73714.0,   38080.0,  136817.0,  137633.0,  133824.0,  128656.0,   84321.0,   54673.0,   61473.0,   76160.0,   73441.0,   74813.0,   57664.0,   66912.0,   72353.0,   72896.0,   72897.0,       0.0,   79945.0,   68022.0,   78861.0,   83198.0,   68022.0,   83198.0,  135501.0,   78861.0,   78861.0,  182113.0,  197289.0,   83197.0,   68022.0,   83198.0,  182113.0,   78861.0,   78861.0,   68022.0,   83198.0,   68021.0,   68293.0,   83198.0,   78861.0,   68022.0,   68022.0,   89431.0,   25475.0,   81030.0,   91057.0,   91057.0,   91057.0,   91057.0,   81843.0,   81030.0,   81030.0,   79404.0,   79133.0,   81301.0,   81572.0,   81572.0,   77777.0,   84010.0,   74796.0,   70731.0,  129538.0,  129538.0,   89701.0,  137397.0,   85366.0,  205418.0,   84282.0,   82926.0
   71980.0,  138946.0,   25075.0,   26845.0,       0.0,   78470.0,  151040.0,   10620.0,   71685.0,   80535.0,   67260.0,  110330.0,   89975.0,  134225.0,   79945.0,   41300.0,  148385.0,  149270.0,  145140.0,  139536.0,   91451.0,   59295.0,   66670.0,   82600.0,   79650.0,   81125.0,   62540.0,   72571.0,   78470.0,   79060.0,   79060.0,   79945.0,       0.0,   73799.0,   85554.0,   90263.0,   73799.0,   90263.0,  147005.0,   85554.0,   85554.0,  197569.0,  214033.0,   90263.0,   73799.0,   90263.0,  197569.0,   85554.0,   85554.0,   73799.0,   90263.0,   73799.0,   74093.0,   90263.0,   85554.0,   73799.0,   73799.0,   97024.0,   27636.0,   87906.0,   98784.0,   98784.0,   98784.0,   98784.0,   88788.0,   87906.0,   87906.0,   86147.0,   85852.0,   88204.0,   88498.0,   88498.0,   84383.0,   91144.0,   81144.0,   76734.0,  140534.0,  140534.0,   97318.0,  149058.0,   92610.0,  222852.0,   91434.0,   89964.0
   61244.0,  118222.0,   21335.0,   22841.0,       0.0,   66766.0,  128512.0,    9036.0,   60993.0,   68523.0,   57228.0,   93874.0,   76555.0,  114205.0,   68021.0,   35140.0,  126253.0,  127006.0,  123492.0,  118724.0,   77811.0,   50451.0,   56726.0,   70280.0,   67770.0,   69025.0,   53212.0,   61747.0,   66767.0,   67268.0,   67269.0,   68022.0,   73799.0,       0.0,   72750.0,   77623.0,   63648.0,   77621.0,  125698.0,   72750.0,   72750.0,  168556.0,  182544.0,   77628.0,   63634.0,   77598.0,  168567.0,   72750.0,   72750.0,   63661.0,   77819.0,   63891.0,   64138.0,   77779.0,   72750.0,   63855.0,   63871.0,   83572.0,   23500.0,   74818.0,   84000.0,   84000.0,   84000.0,   84000.0,   75552.0,   74822.0,   74818.0,   73300.0,   73053.0,   75053.0,   75305.0,   75301.0,   71807.0,   77549.0,   69030.0,   65265.0,  119511.0,  119511.0,   82761.0,  126750.0,   78750.0,  189500.0,   77750.0,   76500.0
   71005.0,  137061.0,   24736.0,   26482.0,       0.0,   77406.0,  148992.0,   10477.0,   70713.0,   79444.0,   66348.0,  108834.0,   88755.0,  132405.0,   78861.0,   40741.0,  146373.0,  147246.0,  143173.0,  137643.0,   90215.0,   58491.0,   65766.0,   81480.0,   78571.0,   80025.0,   61692.0,   71586.0,   77406.0,   77988.0,   77988.0,   78861.0,   85554.0,   72750.0,       0.0,   89030.0,   72790.0,   89030.0,  145000.0,   85524.0,   85524.0,  194880.0,  211120.0,   89030.0,   72790.0,   89030.0,  194880.0,   85524.0,   85524.0,   72790.0,   89030.0,   72790.0,   73080.0,   89030.0,   85494.0,   72790.0,   72790.0,   95700.0,   27260.0,   86710.0,   97440.0,   97440.0,   97440.0,   97440.0,   87580.0,   86710.0,   86710.0,   84970.0,   84680.0,   87000.0,   87290.0,   87290.0,   83230.0,   89900.0,   80040.0,   75691.0,  138620.0,  138620.0,   95990.0,  147030.0,   91350.0,  219821.0,   90190.0,   88741.0
   74908.0,  144598.0,   26095.0,   27937.0,       0.0,   81662.0,  157184.0,   11052.0,   74601.0,   83811.0,   69996.0,  114818.0,   93635.0,  139685.0,   83197.0,   42980.0,  154421.0,  155342.0,  151044.0,  145212.0,   95171.0,   61707.0,   69382.0,   85960.0,   82890.0,   84425.0,   65084.0,   75523.0,   81663.0,   82276.0,   82277.0,   83198.0,   90263.0,   77623.0,   89030.0,       0.0,   77872.0,   95023.0,  153813.0,   89046.0,   89046.0,  206251.0,  223418.0,   95001.0,   77879.0,   94991.0,  206270.0,   89046.0,   89046.0,   77852.0,   94861.0,   77687.0,   77918.0,   94846.0,   89046.0,   77655.0,   77683.0,  101770.0,   28764.0,   91566.0,  102816.0,  102816.0,  102816.0,  102816.0,   92461.0,   91570.0,   91566.0,   89704.0,   89403.0,   91853.0,   92159.0,   92158.0,   87874.0,   94904.0,   84488.0,   79888.0,  146279.0,  146279.0,  101297.0,  155142.0,   96390.0,  231948.0,   95166.0,   93636.0
   61244.0,  118222.0,   21335.0,   22841.0,       0.0,   66766.0,  128512.0,    9036.0,   60993.0,   68523.0,   57228.0,   93874.0,   76555.0,  114205.0,   68021.0,   35140.0,  126253.0,  127006.0,  123492.0,  118724.0,   77811.0,   50451.0,   56726.0,   70280.0,   67770.0,   69025.0,   53212.0,   61747.0,   66767.0,   67268.0,   67269.0,   68022.0,   73799.0,   63648.0,   72790.0,   77872.0,       0.0,   77816.0,  125846.0,   72750.0,   72750.0,  168684.0,  182646.0,   77827.0,   63882.0,   77801.0,  168692.0,   72750.0,   72750.0,   63848.0,   77631.0,   63665.0,   63835.0,   77652.0,   72750.0,   63641.0,   63687.0,   83341.0,   23500.0,   74825.0,   84000.0,   84000.0,   84000.0,   84000.0,   75551.0,   74829.0,   74825.0,   73296.0,   73051.0,   75055.0,   75303.0,   75302.0,   71802.0,   77544.0,   69032.0,   65270.0,  119511.0,  119511.0,   82761.0,  126750.0,   78750.0,  189500.0,   77750.0,   76500.0
   74908.0,  144598.0,   26095.0,   27937.0,       0.0,   81662.0,  157184.0,   11052.0,   74601.0,   83811.0,   69996.0,  114818.0,   93635.0,  139685.0,   83197.0,   42980.0,  154421.0,  155342.0,  151044.0,  145212.0,   95171.0,   61707.0,   69382.0,   85960.0,   82890.0,   84425.0,   65084.0,   75523.0,   81663.0,   82276.0,   82277.0,   83198.0,   90263.0,   77621.0,   89030.0,   95023.0,   77816.0,       0.0,  153809.0,   89046.0,   89046.0,  206255.0,  223400.0,   95014.0,   77864.0,   94975.0,  206262.0,   89046.0,   89046.0,   77874.0,   94858.0,   77703.0,   77929.0,   94844.0,   89046.0,   77658.0,   77714.0,  101786.0,   28764.0,   91575.0,  102816.0,  102816.0,  102816.0,  102816.0,   92467.0,   91579.0,   91575.0,   89716.0,   89408.0,   91862.0,   92164.0,   92166.0,   87882.0,   94915.0,   84487.0,   79880.0,  146279.0,  146279.0,  101297.0,  155142.0,   96390.0,  231948.0,   95166.0,   93636.0
  122000.0,  235501.0,   42500.0,   45500.0,       0.0,  133000.0,  256000.0,   18000.0,  121500.0,  136500.0,  114000.0,  187000.0,  152500.0,  227500.0,  135500.0,   70000.0,  251500.0,  253000.0,  246000.0,  236501.0,  155001.0,  100500.0,  113000.0,  140000.0,  135000.0,  137500.0,  106000.0,  123001.0,  133001.0,  134000.0,  134001.0,  135501.0,  147005.0,  125698.0,  145000.0,  153813.0,  125846.0,  153809.0,       0.0,  145209.0,  145209.0,  336000.0,  363913.0,  153977.0,  126113.0,  153955.0,  335987.0,  145209.0,  145209.0,  126148.0,  153891.0,  125979.0,  126387.0,  153876.0,  145209.0,  125950.0,  125968.0,  165377.0,   46906.0,  149271.0,  167664.0,  167664.0,  167664.0,  167664.0,  150734.0,  149275.0,  149273.0,  146242.0,  145749.0,  149740.0,  150240.0,  150240.0,  143254.0,  154723.0,  137736.0,  130251.0,  238533.0,  238533.0,  165180.0,  252993.0,  157185.0,  378242.0,  155189.0,  152694.0
   71005.0,  137061.0,   24736.0,   26482.0,       0.0,   77406.0,  148992.0,   10477.0,   70713.0,   79444.0,   66348.0,  108834.0,   88755.0,  132405.0,   78861.0,   40741.0,  146373.0,  147246.0,  143173.0,  137643.0,   90215.0,   58491.0,   65766.0,   81480.0,   78571.0,   80025.0,   61692.0,   71586.0,   77406.0,   77988.0,   77988.0,   78861.0,   85554.0,   72750.0,   85524.0,   89046.0,   72750.0,   89046.0,  145209.0,       0.0,   85521.0,  194880.0,  211120.0,   89030.0,   72790.0,   89030.0,  194880.0,   85521.0,   85524.0,   72790.0,   89030.0,   72790.0,   73080.0,   89030.0,   85502.0,   72790.0,   72790.0,   95700.0,   27260.0,   86710.0,   97440.0,   97440.0,   97440.0,   97440.0,   87580.0,   86710.0,   86710.0,   84970.0,   84680.0,   87000.0,   87290.0,   87290.0,   83230.0,   89900.0,   80040.0,   75691.0,  138620.0,  138620.0,   95990.0,  147030.0,   91350.0,  219821.0,   90190.0,   88741.0
   71005.0,  137061.0,   24736.0,   26482.0,       0.0,   77406.0,  148992.0,   10477.0,   70713.0,   79444.0,   66348.0,  108834.0,   88755.0,  132405.0,   78861.0,   40741.0,  146373.0,  147246.0,  143173.0,  137643.0,   90215.0,   58491.0,   65766.0,   81480.0,   78571.0,   80025.0,   61692.0,   71586.0,   77406.0,   77988.0,   77988.0,   78861.0,   85554.0,   72750.0,   85524.0,   89046.0,   72750.0,   89046.0,  145209.0,   85521.0,       0.0,  194880.0,  211120.0,   89030.0,   72790.0,   89030.0,  194880.0,   85524.0,   85517.0,   72790.0,   89030.0,   72790.0,   73080.0,   89030.0,   85499.0,   72790.0,   72790.0,   95700.0,   27260.0,   86710.0,   97440.0,   97440.0,   97440.0,   97440.0,   87580.0,   86710.0,   86710.0,   84970.0,   84680.0,   87000.0,   87290.0,   87290.0,   83230.0,   89900.0,   80040.0,   75691.0,  138620.0,  138620.0,   95990.0,  147030.0,   91350.0,  219821.0,   90190.0,   88741.0
  163968.0,  316513.0,   57120.0,   61152.0,       0.0,  178752.0,  344064.0,   24192.0,  163296.0,  183456.0,  153216.0,  251328.0,  204960.0,  305760.0,  182112.0,   94080.0,  338016.0,  340032.0,  330624.0,  317857.0,  208321.0,  135072.0,  151872.0,  188160.0,  181440.0,  184800.0,  142464.0,  165313.0,  178753.0,  180096.0,  180097.0,  182113.0,  197569.0,  168556.0,  194880.0,  206251.0,  168684.0,  206255.0,  336000.0,  194880.0,  194880.0,       0.0,  489149.0,  206647.0,  169126.0,  206607.0,  451619.0,  195261.0,  195261.0,  169094.0,  206541.0,  168995.0,  169612.0,  206567.0,  195261.0,  169001.0,  169008.0,  221986.0,   63074.0,  200660.0,  225456.0,  225456.0,  225456.0,  225456.0,  202666.0,  200664.0,  200662.0,  196621.0,  195956.0,  201320.0,  201995.0,  201992.0,  192602.0,  208027.0,  185203.0,  175140.0,  320741.0,  320741.0,  222104.0,  340197.0,  211365.0,  508618.0,  208681.0,  205326.0
