JQLU01000005.1,EDR99618.1,JQKK01000015.1,AUJT01000030.1,ATWC01000054.1,ACV39665.1,ERL25782.1,KB890278.1,ERK53440.1,ERK48421.1,ERK47820.1,KGL43917.1,CBH27300.1,EUJ40903.1,ADQ78341.1,ETE53770.1,CDC65743.1,LARF01000048.1,ACOK01000100.1,JTLD01000029.1,GAE20957.1,EKB54193.1,AEK23281.1,KN549099.1,KIX21336.1,CCB70204.1,AMA48551.1,AEW86266.1,EHO06562.1,EHO08761.1,EKB06014.1,ADQ80738.1,KGE88582.1,KGL55352.1,ALJ25681.1,ALJ26029.1,ALO30226.1,ALA94104.1,GAP82240.1,ERJ81987.1,ERJ65637.1,ERJ65503.1,ERJ64231.1,AIJ36392.1,EOA10535.1,BAK25606.1,ERJ88434.1,ERJ87335.1,EIW94777.1,AAQ65551.1,KGN88274.1,KKC50278.1,KGN87312.1,KGN85385.1,KGN76020.1,KGO05347.1,KGL48767.1,KB899147.1,JHUW01000010.1,EJP27887.1,KIP58075.1,KIP63359.1,KIP62088.1,KIP58950.1,BAKF01000019.1,EFU31981.1,JVYU01002440.1,BAJY01000004.1,AFJ07523.1,KE392225.1,KJJ86756.1,EGQ18444.1,ERJ98772.1,BAJN01000005.1,EKY00089.1,BAKN01000001.1,AKP71851.1,AGC41344.1,AKQ40303.1,JTLI01000096.1,KDE72144.1,EHO19081.1,EIJ68860.1,JHXW01000011.1
       0.0,  119502.0,   23002.0,   24506.0,       3.0,   68260.0,  129757.0,   10755.0,   62503.0,   70010.0,   58763.0,   95280.0,   78041.0,  115530.0,   69530.0,   36757.0,  127500.0,  128250.0,  124750.0,  120001.0,   79250.0,   52000.0,   58251.0,   71750.0,   69256.0,   70503.0,   54752.0,   63252.0,   68251.0,   68750.0,   68750.0,   69500.0,   75250.0,   64252.0,   74255.0,   78252.0,   64252.0,   78252.0,  126502.0,   74257.0,   74257.0,  169502.0,  183502.0,   78252.0,   64252.0,   78250.0,  169502.0,   74257.0,   74257.0,   64252.0,   78252.0,   64250.0,   64500.0,   78252.0,   74257.0,   64250.0,   64252.0,   84002.0,   25000.0,   76251.0,   85500.0,   85502.0,   85501.0,   85501.0,   77003.0,   76251.0,   76251.0,   74753.0,   74500.0,   76502.0,   76750.0,   76752.0,   73254.0,   79004.0,   70504.0,   66753.0,  121000.0,  121000.0,   84250.0,  128250.0,   80253.0,  191004.0,   79253.0,   78003.0
  119502.0,       0.0,   43884.0,   46749.0,       0.0,  130222.0,  247565.0,   20513.0,  119251.0,  133560.0,  112097.0,  181739.0,  148825.0,  220375.0,  132608.0,   70120.0,  243364.0,  244790.0,  238097.0,  228962.0,  151212.0,   99217.0,  111143.0,  136899.0,  132133.0,  134518.0,  104463.0,  120682.0,  130222.0,  131176.0,  131176.0,  132608.0,  143579.0,  122593.0,  141670.0,  149305.0,  122593.0,  149305.0,  241365.0,  141670.0,  141670.0,  323409.0,  350121.0,  149305.0,  122593.0,  149305.0,  323409.0,  141670.0,  141670.0,  122593.0,  149305.0,  122593.0,  123068.0,  149305.0,  141670.0,  122593.0,  122593.0,  160275.0,   47701.0,  145487.0,  163135.0,  163135.0,  163135.0,  163135.0,  146919.0,  145486.0,  145487.0,  142624.0,  142148.0,  145963.0,  146440.0,  146440.0,  139761.0,  150732.0,  134514.0,  127360.0,  230871.0,  230871.0,  160752.0,  244701.0,  153118.0,  364428.0,  151210.0,  148826.0
   23002.0,   43884.0,       0.0,    9009.0,     107.0,   24844.0,   47230.0,    3913.0,   22751.0,   25482.0,   21387.0,   34672.0,   28392.0,   42043.0,   25299.0,   13378.0,   46410.0,   46684.0,   45411.0,   43682.0,   28847.0,   18929.0,   21205.0,   26118.0,   25208.0,   25662.0,   19930.0,   23024.0,   24844.0,   25026.0,   25026.0,   25298.0,   27394.0,   23387.0,   27028.0,   28483.0,   23387.0,   28483.0,   46046.0,   27028.0,   27028.0,   61698.0,   66794.0,   28483.0,   23387.0,   28483.0,   61698.0,   27028.0,   27028.0,   23387.0,   28483.0,   23387.0,   23478.0,   28483.0,   27028.0,   23387.0,   23387.0,   30576.0,    9100.0,   27756.0,   31122.0,   31122.0,   31122.0,   31122.0,   28028.0,   27756.0,   27756.0,   27209.0,   27122.0,   27848.0,   27939.0,   27938.0,   26663.0,   28757.0,   25662.0,   24299.0,   44044.0,   44044.0,   30667.0,   46683.0,   29214.0,   69526.0,   28848.0,   28392.0
   24506.0,   46749.0,    9009.0,       0.0,      90.0,   26482.0,   50344.0,    4174.0,   24253.0,   27162.0,   22795.0,   36958.0,   30264.0,   44815.0,   26969.0,   14259.0,   49471.0,   49763.0,   48404.0,   46560.0,   30749.0,   20176.0,   22601.0,   27841.0,   26871.0,   27355.0,   21244.0,   24542.0,   26482.0,   26676.0,   26676.0,   26968.0,   29197.0,   24930.0,   28810.0,   30362.0,   24930.0,   30362.0,   49083.0,   28810.0,   28810.0,   65767.0,   71199.0,   30362.0,   24930.0,   30362.0,   65767.0,   28810.0,   28810.0,   24930.0,   30362.0,   24930.0,   25027.0,   30362.0,   28810.0,   24930.0,   24930.0,   32594.0,    9703.0,   29585.0,   33174.0,   33174.0,   33174.0,   33174.0,   29876.0,   29585.0,   29585.0,   29003.0,   28906.0,   29682.0,   29779.0,   29779.0,   28421.0,   30654.0,   27356.0,   25899.0,   46950.0,   46950.0,   32691.0,   49762.0,   31137.0,   74109.0,   30749.0,   30266.0
       3.0,       0.0,     107.0,      90.0,       0.0,       1.0,       1.0,       3.0,       5.0,       5.0,       4.0,       0.0,       0.0,       0.0,       2.0,       0.0,       0.0,       0.0,       0.0,       1.0,       1.0,       0.0,       3.0,       0.0,       1.0,       0.0,       1.0,       1.0,       2.0,       2.0,       2.0,       2.0,       0.0,       4.0,       0.0,       2.0,       2.0,       2.0,       2.0,       0.0,       0.0,       2.0,       2.0,       2.0,       2.0,       2.0,       2.0,       0.0,       0.0,       2.0,       4.0,       4.0,       4.0,       4.0,       0.0,       5.0,       4.0,       5.0,       1.0,       6.0,       1.0,       1.0,       0.0,       1.0,       1.0,       3.0,       2.0,       0.0,       0.0,       0.0,       0.0,       0.0,       0.0,       0.0,       0.0,       0.0,       1.0,       2.0,       1.0,       0.0,       2.0,       1.0,       3.0,       3.0
   68260.0,  130222.0,   24844.0,   26482.0,       1.0,       0.0,  141875.0,   11700.0,   68008.0,   76935.0,   64082.0,  103644.0,   84873.0,  125677.0,   75631.0,   39987.0,  138721.0,  139536.0,  135728.0,  130560.0,   86224.0,   56578.0,   63377.0,   78064.0,   75345.0,   76705.0,   59569.0,   68818.0,   74258.0,   74801.0,   74802.0,   75619.0,   81873.0,   69904.0,   80785.0,   85136.0,   69904.0,   85136.0,  137632.0,   80785.0,   80785.0,  184416.0,  199648.0,   85136.0,   69904.0,   85136.0,  184416.0,   80785.0,   80787.0,   69904.0,   85136.0,   69904.0,   70176.0,   85136.0,   80785.0,   69904.0,   69904.0,   91392.0,   27205.0,   82961.0,   93024.0,   93024.0,   93024.0,   93024.0,   83779.0,   82961.0,   82961.0,   81330.0,   81058.0,   83234.0,   83505.0,   83506.0,   79697.0,   85953.0,   76707.0,   72625.0,  131649.0,  131649.0,   91665.0,  139539.0,   87314.0,  207808.0,   86226.0,   84865.0
  129757.0,  247565.0,   47230.0,   50344.0,       1.0,  141875.0,       0.0,   22277.0,  129509.0,  145616.0,  121884.0,  197366.0,  161622.0,  239324.0,  144016.0,   76148.0,  264181.0,  265734.0,  258482.0,  248640.0,  164206.0,  107744.0,  120695.0,  148667.0,  143486.0,  146078.0,  113444.0,  131057.0,  141416.0,  142451.0,  142451.0,  144009.0,  155919.0,  133126.0,  153846.0,  162135.0,  133126.0,  162134.0,  262109.0,  153846.0,  153846.0,  351205.0,  380213.0,  162134.0,  133126.0,  162134.0,  351204.0,  153846.0,  153848.0,  133126.0,  162134.0,  133126.0,  133644.0,  162134.0,  153846.0,  133126.0,  133126.0,  174048.0,   51804.0,  157992.0,  177156.0,  177156.0,  177156.0,  177156.0,  159546.0,  157992.0,  157991.0,  154883.0,  154369.0,  158509.0,  159028.0,  159027.0,  151775.0,  163689.0,  146077.0,  138307.0,  250713.0,  250713.0,  174567.0,  265735.0,  166278.0,  395752.0,  164206.0,  161616.0
   10755.0,   20513.0,    3913.0,    4174.0,       3.0,   11700.0,   22277.0,       0.0,   10505.0,   11770.0,    9876.0,   16003.0,   13105.0,   19405.0,   11678.0,    6174.0,   21422.0,   21548.0,   20961.0,   20160.0,   13315.0,    8739.0,    9789.0,   12055.0,   11641.0,   11847.0,    9199.0,   10628.0,   11467.0,   11552.0,   11551.0,   11676.0,   12645.0,   10795.0,   12477.0,   13146.0,   10794.0,   13146.0,   21253.0,   12477.0,   12477.0,   28476.0,   30828.0,   13146.0,   10794.0,   13147.0,   28476.0,   12477.0,   12477.0,   10794.0,   13147.0,   10795.0,   10837.0,   13147.0,   12477.0,   10795.0,   10795.0,   14113.0,    4200.0,   12811.0,   14364.0,   14364.0,   14364.0,   14364.0,   12936.0,   12811.0,   12812.0,   12560.0,   12518.0,   12857.0,   12897.0,   12899.0,   12307.0,   13274.0,   11846.0,   11214.0,   20328.0,   20328.0,   14154.0,   21546.0,   13485.0,   32091.0,   13318.0,   13111.0
   62503.0,  119251.0,   22751.0,   24253.0,       5.0,   68008.0,  129509.0,   10505.0,       0.0,   69730.0,   58533.0,   94871.0,   77690.0,  115040.0,   69230.0,   36603.0,  126997.0,  127743.0,  124253.0,  119522.0,   78935.0,   51794.0,   58018.0,   71463.0,   68977.0,   70222.0,   54531.0,   62997.0,   67981.0,   68479.0,   68480.0,   69222.0,   74949.0,   63994.0,   73953.0,   77938.0,   63994.0,   77938.0,  125994.0,   73953.0,   73953.0,  168822.0,  182766.0,   77938.0,   63994.0,   77938.0,  168822.0,   73953.0,   73953.0,   63994.0,   77938.0,   63994.0,   64243.0,   77938.0,   73953.0,   63994.0,   63994.0,   83665.0,   24900.0,   75948.0,   85160.0,   85158.0,   85158.0,   85158.0,   76694.0,   75949.0,   75947.0,   74452.0,   74204.0,   76199.0,   76444.0,   76448.0,   72961.0,   78688.0,   70219.0,   66483.0,  120517.0,  120517.0,   83914.0,  127739.0,   79931.0,  190240.0,   78934.0,   77695.0
   70010.0,  133560.0,   25482.0,   27162.0,       5.0,   76935.0,  145616.0,   11770.0,   69730.0,       0.0,   65736.0,  106310.0,   87055.0,  128910.0,   77575.0,   41016.0,  142291.0,  143127.0,  139221.0,  133920.0,   88443.0,   58032.0,   65008.0,   80073.0,   77289.0,   78679.0,   61104.0,   70593.0,   76168.0,   76726.0,   76726.0,   77566.0,   83980.0,   71703.0,   82864.0,   87327.0,   71703.0,   87327.0,  141174.0,   82864.0,   82864.0,  189162.0,  204786.0,   87327.0,   71703.0,   87327.0,  189162.0,   82864.0,   82866.0,   71703.0,   87327.0,   71703.0,   71982.0,   87327.0,   82864.0,   71703.0,   71703.0,   93744.0,   27904.0,   85096.0,   95418.0,   95418.0,   95418.0,   95418.0,   85933.0,   85096.0,   85096.0,   83423.0,   83144.0,   85377.0,   85656.0,   85655.0,   81751.0,   88165.0,   78678.0,   74495.0,  135037.0,  135037.0,   94024.0,  143130.0,   89563.0,  213158.0,   88447.0,   87049.0
   58763.0,  112097.0,   21387.0,   22795.0,       4.0,   64082.0,  121884.0,    9876.0,   58533.0,   65736.0,       0.0,   89165.0,   73019.0,  108119.0,   65068.0,   34401.0,  119342.0,  120044.0,  116766.0,  112322.0,   74179.0,   48675.0,   54527.0,   67160.0,   64822.0,   65997.0,   51246.0,   59202.0,   63882.0,   64351.0,   64351.0,   65057.0,   70435.0,   60138.0,   69498.0,   73243.0,   60139.0,   73243.0,  118405.0,   69498.0,   69498.0,  158653.0,  171757.0,   73243.0,   60139.0,   73243.0,  158653.0,   69498.0,   69498.0,   60139.0,   73242.0,   60138.0,   60372.0,   73243.0,   69498.0,   60138.0,   60138.0,   78624.0,   23403.0,   71375.0,   80032.0,   80032.0,   80032.0,   80029.0,   72075.0,   71375.0,   71377.0,   69967.0,   69733.0,   71605.0,   71840.0,   71839.0,   68562.0,   73944.0,   65988.0,   62479.0,  113257.0,  113257.0,   78859.0,  120049.0,   75117.0,  178779.0,   74182.0,   73013.0
   95280.0,  181739.0,   34672.0,   36958.0,       0.0,  103644.0,  197366.0,   16003.0,   94871.0,  106310.0,   89165.0,       0.0,  118618.0,  176504.0,  105673.0,   55864.0,  193803.0,  194942.0,  189620.0,  182400.0,  120460.0,   79042.0,   88542.0,  109062.0,  105261.0,  107161.0,   83220.0,   96140.0,  103743.0,  104503.0,  104503.0,  105641.0,  114380.0,   97661.0,  112860.0,  118940.0,   97660.0,  118940.0,  192280.0,  112860.0,  112860.0,  257640.0,  278920.0,  118940.0,   97660.0,  118940.0,  257640.0,  112860.0,  112860.0,   97660.0,  118940.0,   97661.0,   98040.0,  118940.0,  112860.0,   97661.0,   97661.0,  127681.0,   38002.0,  115903.0,  129964.0,  129964.0,  129965.0,  129961.0,  117041.0,  115901.0,  115901.0,  113620.0,  113241.0,  116282.0,  116661.0,  116662.0,  111340.0,  120080.0,  107160.0,  101460.0,  183923.0,  183923.0,  128063.0,  194944.0,  121980.0,  290320.0,  120460.0,  118563.0
   78041.0,  148825.0,   28392.0,   30264.0,       0.0,   84873.0,  161622.0,   13105.0,   77690.0,   87055.0,   73019.0,  118618.0,       0.0,  143738.0,   86494.0,   45721.0,  158615.0,  159545.0,  155189.0,  149282.0,   98588.0,   64689.0,   72468.0,   89258.0,   86148.0,   87710.0,   68109.0,   78683.0,   84905.0,   85525.0,   85525.0,   86462.0,   93611.0,   79927.0,   92367.0,   97343.0,   79927.0,   97343.0,  157366.0,   92367.0,   92367.0,  210858.0,  228274.0,   97343.0,   79927.0,   97343.0,  210858.0,   92367.0,   92367.0,   79927.0,   97343.0,   79927.0,   80238.0,   97343.0,   92367.0,   79927.0,   79927.0,  104496.0,   31101.0,   94856.0,  106364.0,  106364.0,  106364.0,  106364.0,   95789.0,   94856.0,   94856.0,   92990.0,   92679.0,   95167.0,   95478.0,   95478.0,   91123.0,   98276.0,   87703.0,   83038.0,  150524.0,  150524.0,  104807.0,  159545.0,   99837.0,  237609.0,   98591.0,   97032.0
  115530.0,  220375.0,   42043.0,   44815.0,       0.0,  125677.0,  239324.0,   19405.0,  115040.0,  128910.0,  108119.0,  176504.0,  143738.0,       0.0,  128194.0,   67772.0,  235113.0,  236495.0,  230039.0,  221280.0,  146137.0,   95890.0,  107416.0,  132309.0,  127698.0,  130003.0,  100961.0,  116633.0,  125856.0,  126778.0,  126778.0,  128159.0,  138763.0,  118478.0,  136917.0,  144293.0,  118477.0,  144293.0,  233266.0,  136917.0,  136917.0,  312558.0,  338374.0,  144293.0,  118477.0,  144293.0,  312558.0,  136917.0,  136917.0,  118477.0,  144293.0,  118478.0,  118938.0,  144293.0,  136917.0,  118478.0,  118478.0,  154897.0,   46102.0,  140606.0,  157664.0,  157664.0,  157664.0,  157662.0,  141989.0,  140606.0,  140606.0,  137839.0,  137379.0,  141068.0,  141528.0,  141529.0,  135074.0,  145677.0,  130002.0,  123087.0,  223128.0,  223128.0,  155361.0,  236497.0,  147981.0,  352204.0,  146137.0,  143835.0
   69530.0,  132608.0,   25299.0,   26969.0,       2.0,   75631.0,  144016.0,   11678.0,   69230.0,   77575.0,   65068.0,  105673.0,   86494.0,  128194.0,       0.0,   40722.0,  141272.0,  142103.0,  138223.0,  132960.0,   87811.0,   57621.0,   64545.0,   79499.0,   76731.0,   78120.0,   60664.0,   70082.0,   75621.0,   76175.0,   76175.0,   77010.0,   83378.0,   71190.0,   82274.0,   86702.0,   71190.0,   86702.0,  140163.0,   82274.0,   82274.0,  187806.0,  203318.0,   86702.0,   71190.0,   86702.0,  187806.0,   82274.0,   82274.0,   71190.0,   86702.0,   71190.0,   71467.0,   86702.0,   82274.0,   71190.0,   71190.0,   93073.0,   27702.0,   84487.0,   94738.0,   94738.0,   94738.0,   94738.0,   85320.0,   84487.0,   84487.0,   82826.0,   82549.0,   84765.0,   85041.0,   85042.0,   81163.0,   87533.0,   78116.0,   73959.0,  134068.0,  134068.0,   93351.0,  142102.0,   88921.0,  211630.0,   87811.0,   86426.0
   36757.0,   70120.0,   13378.0,   14259.0,       0.0,   39987.0,   76148.0,    6174.0,   36603.0,   41016.0,   34401.0,   55864.0,   45721.0,   67772.0,   40722.0,       0.0,   74460.0,   74898.0,   72856.0,   70080.0,   46282.0,   30372.0,   34022.0,   41903.0,   40442.0,   41172.0,   31975.0,   36938.0,   39858.0,   40150.0,   40150.0,   40588.0,   43947.0,   37522.0,   43363.0,   45698.0,   37522.0,   45698.0,   73876.0,   43363.0,   43363.0,   98988.0,  107164.0,   45698.0,   37522.0,   45698.0,   98988.0,   43363.0,   43363.0,   37522.0,   45698.0,   37522.0,   37668.0,   45698.0,   43363.0,   37522.0,   37522.0,   49056.0,   14600.0,   44530.0,   49934.0,   49933.0,   49933.0,   49933.0,   44968.0,   44530.0,   44530.0,   43654.0,   43508.0,   44676.0,   44822.0,   44822.0,   42778.0,   46136.0,   41172.0,   38984.0,   70665.0,   70665.0,   49203.0,   74898.0,   46866.0,  111544.0,   46282.0,   45554.0
  127500.0,  243364.0,   46410.0,   49471.0,       0.0,  138721.0,  264181.0,   21422.0,  126997.0,  142291.0,  119342.0,  193803.0,  158615.0,  235113.0,  141272.0,   74460.0,       0.0,  261966.0,  254119.0,  244320.0,  161355.0,  105873.0,  118598.0,  146083.0,  140996.0,  143541.0,  111475.0,  128780.0,  138957.0,  139975.0,  139975.0,  141504.0,  153209.0,  130813.0,  151175.0,  159317.0,  130813.0,  159317.0,  257554.0,  151175.0,  151175.0,  345102.0,  373606.0,  159317.0,  130813.0,  159317.0,  345102.0,  151175.0,  151175.0,  130813.0,  159317.0,  130813.0,  131322.0,  159317.0,  151175.0,  130813.0,  130813.0,  171024.0,   50902.0,  155246.0,  174079.0,  174079.0,  174079.0,  174079.0,  156774.0,  155246.0,  155247.0,  152192.0,  151684.0,  155758.0,  156265.0,  156266.0,  149138.0,  160845.0,  143538.0,  135903.0,  246356.0,  246356.0,  171533.0,  261118.0,  163390.0,  388876.0,  161354.0,  158813.0
  128250.0,  244790.0,   46684.0,   49763.0,       0.0,  139536.0,  265734.0,   21548.0,  127743.0,  143127.0,  120044.0,  194942.0,  159545.0,  236495.0,  142103.0,   74898.0,  261966.0,       0.0,  255612.0,  245760.0,  162306.0,  106497.0,  119297.0,  146944.0,  141827.0,  144387.0,  112130.0,  129537.0,  139776.0,  140800.0,  140800.0,  142338.0,  154112.0,  131584.0,  152065.0,  160256.0,  131584.0,  160256.0,  259072.0,  152065.0,  152065.0,  347136.0,  375808.0,  160256.0,  131584.0,  160256.0,  347136.0,  152065.0,  152065.0,  131584.0,  160256.0,  131584.0,  132096.0,  160256.0,  152065.0,  131584.0,  131584.0,  172033.0,   51204.0,  156161.0,  175105.0,  175105.0,  175105.0,  175105.0,  157697.0,  156161.0,  156162.0,  153089.0,  152577.0,  156675.0,  157185.0,  157186.0,  150017.0,  161794.0,  144384.0,  136704.0,  247808.0,  247808.0,  172544.0,  262657.0,  164353.0,  391168.0,  162305.0,  159749.0
  124750.0,  238097.0,   45411.0,   48404.0,       0.0,  135728.0,  258482.0,   20961.0,  124253.0,  139221.0,  116766.0,  189620.0,  155189.0,  230039.0,  138223.0,   72856.0,  254119.0,  255612.0,       0.0,  239040.0,  157866.0,  103585.0,  116034.0,  142927.0,  137947.0,  140437.0,  109062.0,  125994.0,  135954.0,  136950.0,  136950.0,  138446.0,  149898.0,  127986.0,  147907.0,  155874.0,  127986.0,  155874.0,  251988.0,  147907.0,  147907.0,  337644.0,  365532.0,  155874.0,  127986.0,  155874.0,  337644.0,  147907.0,  147907.0,  127986.0,  155874.0,  127986.0,  128484.0,  155874.0,  147907.0,  127986.0,  127986.0,  167329.0,   49801.0,  151890.0,  170316.0,  170316.0,  170316.0,  170316.0,  153384.0,  151890.0,  151890.0,  148902.0,  148404.0,  152388.0,  152886.0,  152886.0,  145914.0,  157369.0,  140436.0,  132967.0,  241032.0,  241032.0,  167826.0,  255475.0,  159859.0,  380472.0,  157867.0,  155379.0
  120001.0,  228962.0,   43682.0,   46560.0,       1.0,  130560.0,  248640.0,   20160.0,  119522.0,  133920.0,  112322.0,  182400.0,  149282.0,  221280.0,  132960.0,   70080.0,  244320.0,  245760.0,  239040.0,       0.0,  151844.0,   99634.0,  111609.0,  137475.0,  132684.0,  135078.0,  104901.0,  121190.0,  130769.0,  131728.0,  131728.0,  133163.0,  144180.0,  123105.0,  142268.0,  149929.0,  123105.0,  149929.0,  242376.0,  142268.0,  142268.0,  324764.0,  351588.0,  149929.0,  123105.0,  149929.0,  324764.0,  142268.0,  142268.0,  123105.0,  149929.0,  123105.0,  123584.0,  149929.0,  142268.0,  123105.0,  123105.0,  160945.0,   47901.0,  146096.0,  163818.0,  163818.0,  163818.0,  163818.0,  147532.0,  146096.0,  146096.0,  143221.0,  142742.0,  146574.0,  147054.0,  147053.0,  140349.0,  151364.0,  135079.0,  127893.0,  231838.0,  231838.0,  161425.0,  245729.0,  153762.0,  365956.0,  151847.0,  149453.0
   79250.0,  151212.0,   28847.0,   30749.0,       1.0,   86224.0,  164206.0,   13315.0,   78935.0,   88443.0,   74179.0,  120460.0,   98588.0,  146137.0,   87811.0,   46282.0,  161355.0,  162306.0,  157866.0,  151844.0,       0.0,   65735.0,   73633.0,   90695.0,   87536.0,   89114.0,   69207.0,   79952.0,   86273.0,   86905.0,   86905.0,   87849.0,   95120.0,   81223.0,   93931.0,   98919.0,   81223.0,   98919.0,  159907.0,   93930.0,   93931.0,  214252.0,  231948.0,   98919.0,   81223.0,   98919.0,  214252.0,   93931.0,   93931.0,   81223.0,   98919.0,   81223.0,   81539.0,   98919.0,   93930.0,   81223.0,   81223.0,  106186.0,   31604.0,   96389.0,  108080.0,  108082.0,  108081.0,  108081.0,   97338.0,   96389.0,   96389.0,   94494.0,   94179.0,   96706.0,   97022.0,   97022.0,   92597.0,   99866.0,   89120.0,   84376.0,  152946.0,  152946.0,  106494.0,  162109.0,  101441.0,  241426.0,  100175.0,   98592.0
   52000.0,   99217.0,   18929.0,   20176.0,       0.0,   56578.0,  107744.0,    8739.0,   51794.0,   58032.0,   48675.0,   79042.0,   64689.0,   95890.0,   57621.0,   30372.0,  105873.0,  106497.0,  103585.0,   99634.0,   65735.0,       0.0,   48544.0,   59478.0,   57385.0,   58376.0,   45363.0,   52400.0,   56643.0,   57055.0,   57052.0,   57551.0,   62308.0,   53203.0,   61484.0,   64794.0,   53202.0,   64794.0,  104742.0,   61484.0,   61484.0,  140346.0,  151938.0,   64794.0,   53202.0,   64794.0,  140346.0,   61483.0,   61484.0,   53202.0,   64794.0,   53203.0,   53409.0,   64795.0,   61483.0,   53202.0,   53203.0,   69556.0,   20704.0,   63136.0,   70797.0,   70797.0,   70797.0,   70799.0,   63757.0,   63136.0,   63136.0,   61896.0,   61689.0,   63344.0,   63550.0,   63551.0,   60652.0,   65413.0,   58374.0,   55272.0,  100190.0,  100190.0,   69761.0,  106195.0,   66454.0,  158151.0,   65625.0,   64584.0
   58251.0,  111143.0,   21205.0,   22601.0,       3.0,   63377.0,  120695.0,    9789.0,   58018.0,   65008.0,   54527.0,   88542.0,   72468.0,  107416.0,   64545.0,   34022.0,  118598.0,  119297.0,  116034.0,  111609.0,   73633.0,   48544.0,       0.0,   66663.0,   64328.0,   65429.0,   50852.0,   58740.0,   63466.0,   63929.0,   63930.0,   64499.0,   69835.0,   59625.0,   68909.0,   72616.0,   59625.0,   72617.0,  117392.0,   68909.0,   68909.0,  157296.0,  170288.0,   72616.0,   59626.0,   72616.0,  157296.0,   68908.0,   68909.0,   59625.0,   72616.0,   59625.0,   59857.0,   72616.0,   68908.0,   59625.0,   59625.0,   77953.0,   23204.0,   70762.0,   79345.0,   79346.0,   79345.0,   79346.0,   71459.0,   70762.0,   70762.0,   69371.0,   69137.0,   70993.0,   71225.0,   71226.0,   67976.0,   73313.0,   65424.0,   61945.0,  112290.0,  112290.0,   78186.0,  119021.0,   74477.0,  177252.0,   73549.0,   72386.0
   71750.0,  136899.0,   26118.0,   27841.0,       0.0,   78064.0,  148667.0,   12055.0,   71463.0,   80073.0,   67160.0,  109062.0,   89258.0,  132309.0,   79499.0,   41903.0,  146083.0,  146944.0,  142927.0,  137475.0,   90695.0,   59478.0,   66663.0,       0.0,   79294.0,   80654.0,   62679.0,   72404.0,   78142.0,   78714.0,   78714.0,   79512.0,   86088.0,   73502.0,   84949.0,   89518.0,   73502.0,   89518.0,  144716.0,   84949.0,   84949.0,  193908.0,  209924.0,   89518.0,   73502.0,   89519.0,  193908.0,   84948.0,   84949.0,   73502.0,   89518.0,   73502.0,   73788.0,   89518.0,   84948.0,   73502.0,   73502.0,   96096.0,   28602.0,   87232.0,   97813.0,   97813.0,   97813.0,   97813.0,   88088.0,   87232.0,   87232.0,   85515.0,   85229.0,   87516.0,   87803.0,   87802.0,   83798.0,   90376.0,   80653.0,   76368.0,  138426.0,  138426.0,   96384.0,  146720.0,   91809.0,  218505.0,   90665.0,   89233.0
   69256.0,  132133.0,   25208.0,   26871.0,       1.0,   75345.0,  143486.0,   11641.0,   68977.0,   77289.0,   64822.0,  105261.0,   86148.0,  127698.0,   76731.0,   40442.0,  140996.0,  141827.0,  137947.0,  132684.0,   87536.0,   57385.0,   64328.0,   79294.0,       0.0,   77840.0,   60515.0,   69901.0,   75396.0,   75948.0,   75948.0,   76732.0,   83078.0,   70933.0,   81978.0,   86389.0,   70933.0,   86389.0,  139656.0,   81978.0,   81978.0,  187128.0,  202584.0,   86389.0,   70933.0,   86389.0,  187128.0,   81978.0,   81978.0,   70933.0,   86389.0,   70933.0,   71209.0,   86389.0,   81978.0,   70933.0,   70933.0,   92737.0,   27601.0,   84185.0,   94393.0,   94393.0,   94393.0,   94394.0,   85014.0,   84185.0,   84187.0,   82535.0,   82252.0,   84461.0,   84737.0,   84736.0,   80870.0,   87218.0,   77832.0,   73694.0,  133587.0,  133587.0,   93017.0,  141594.0,   88600.0,  210868.0,   87496.0,   86115.0
   70503.0,  134518.0,   25662.0,   27355.0,       0.0,   76705.0,  146078.0,   11847.0,   70222.0,   78679.0,   65997.0,  107161.0,   87710.0,  130003.0,   78120.0,   41172.0,  143541.0,  144387.0,  140437.0,  135078.0,   89114.0,   58376.0,   65429.0,   80654.0,   77840.0,       0.0,   61542.0,   71094.0,   76713.0,   77277.0,   77276.0,   78176.0,   84581.0,   72217.0,   83457.0,   87953.0,   72217.0,   87953.0,  142186.0,   83457.0,   83457.0,  190518.0,  206254.0,   87953.0,   72217.0,   87953.0,  190518.0,   83459.0,   83457.0,   72217.0,   87953.0,   72217.0,   72498.0,   87953.0,   83457.0,   72217.0,   72217.0,   94416.0,   28102.0,   85708.0,   96104.0,   96104.0,   96104.0,   96104.0,   86552.0,   85708.0,   85708.0,   84022.0,   83740.0,   85989.0,   86269.0,   86270.0,   82334.0,   88796.0,   79242.0,   75028.0,  136006.0,  136007.0,   94699.0,  144153.0,   90203.0,  214685.0,   89079.0,   87674.0
   54752.0,  104463.0,   19930.0,   21244.0,       1.0,   59569.0,  113444.0,    9199.0,   54531.0,   61104.0,   51246.0,   83220.0,   68109.0,  100961.0,   60664.0,   31975.0,  111475.0,  112130.0,  109062.0,  104901.0,   69207.0,   45363.0,   50852.0,   62679.0,   60515.0,   61542.0,       0.0,   56232.0,   59542.0,   59977.0,   59977.0,   60604.0,   65619.0,   56026.0,   64754.0,   68234.0,   56026.0,   68236.0,  110310.0,   64755.0,   64755.0,  147806.0,  160012.0,   68235.0,   56026.0,   68234.0,  147804.0,   64755.0,   64755.0,   56028.0,   68234.0,   56027.0,   56244.0,   68234.0,   64755.0,   56026.0,   56026.0,   73248.0,   21801.0,   66491.0,   74556.0,   74556.0,   74556.0,   74556.0,   67145.0,   66491.0,   66491.0,   65183.0,   64966.0,   66710.0,   66928.0,   66928.0,   63875.0,   68890.0,   61476.0,   58208.0,  105514.0,  105513.0,   73468.0,  111838.0,   69979.0,  166553.0,   69108.0,   68019.0
   63252.0,  120682.0,   23024.0,   24542.0,       1.0,   68818.0,  131057.0,   10628.0,   62997.0,   70593.0,   59202.0,   96140.0,   78683.0,  116633.0,   70082.0,   36938.0,  128780.0,  129537.0,  125994.0,  121190.0,   79952.0,   52400.0,   58740.0,   72404.0,   69901.0,   71094.0,   56232.0,       0.0,   68830.0,   69333.0,   69333.0,   70056.0,   75854.0,   64765.0,   74852.0,   78877.0,   64765.0,   78879.0,  127513.0,   74853.0,   74853.0,  170857.0,  184969.0,   78878.0,   64765.0,   78877.0,  170857.0,   74853.0,   74853.0,   64765.0,   78877.0,   64766.0,   65017.0,   78877.0,   74853.0,   64765.0,   64765.0,   84672.0,   25201.0,   76861.0,   86184.0,   86184.0,   86184.0,   86184.0,   77617.0,   76861.0,   76861.0,   75349.0,   75097.0,   77113.0,   77365.0,   77365.0,   73837.0,   79634.0,   71064.0,   67286.0,  121970.0,  121969.0,   84926.0,  129277.0,   80893.0,  192529.0,   79886.0,   78626.0
   68251.0,  130222.0,   24844.0,   26482.0,       2.0,   74258.0,  141416.0,   11467.0,   67981.0,   76168.0,   63882.0,  103743.0,   84905.0,  125856.0,   75621.0,   39858.0,  138957.0,  139776.0,  135954.0,  130769.0,   86273.0,   56643.0,   63466.0,   78142.0,   75396.0,   76713.0,   59542.0,   68830.0,       0.0,   75931.0,   75932.0,   75618.0,   81874.0,   69909.0,   80793.0,   85140.0,   69908.0,   85140.0,  137637.0,   80793.0,   80793.0,  184419.0,  199652.0,   85139.0,   69908.0,   85140.0,  184419.0,   80792.0,   80793.0,   69909.0,   85141.0,   69907.0,   70181.0,   85141.0,   80792.0,   69909.0,   69908.0,   91397.0,   27202.0,   82961.0,   93024.0,   93024.0,   93024.0,   93024.0,   83777.0,   82961.0,   82961.0,   81330.0,   81057.0,   83233.0,   83505.0,   83505.0,   79699.0,   85955.0,   76705.0,   72625.0,  131651.0,  131651.0,   91667.0,  139543.0,   87312.0,  207808.0,   86224.0,   84864.0
   68750.0,  131176.0,   25026.0,   26676.0,       2.0,   74801.0,  142451.0,   11552.0,   68479.0,   76726.0,   64351.0,  104503.0,   85525.0,  126778.0,   76175.0,   40150.0,  139975.0,  140800.0,  136950.0,  131728.0,   86905.0,   57055.0,   63929.0,   78714.0,   75948.0,   77277.0,   59977.0,   69333.0,   75931.0,       0.0,   76474.0,   76174.0,   82476.0,   70422.0,   81387.0,   85765.0,   70421.0,   85765.0,  138648.0,   81387.0,   81387.0,  185774.0,  201119.0,   85765.0,   70421.0,   85765.0,  185774.0,   81386.0,   81387.0,   70422.0,   85766.0,   70421.0,   70696.0,   85766.0,   81386.0,   70422.0,   70421.0,   92068.0,   27402.0,   83570.0,   93708.0,   93708.0,   93708.0,   93708.0,   84393.0,   83570.0,   83570.0,   81928.0,   81653.0,   83845.0,   84119.0,   84119.0,   80284.0,   86586.0,   77269.0,   73159.0,  132619.0,  132619.0,   92341.0,  140569.0,   87954.0,  209336.0,   86859.0,   85489.0
   68750.0,  131176.0,   25026.0,   26676.0,       2.0,   74802.0,  142451.0,   11551.0,   68480.0,   76726.0,   64351.0,  104503.0,   85525.0,  126778.0,   76175.0,   40150.0,  139975.0,  140800.0,  136950.0,  131728.0,   86905.0,   57052.0,   63930.0,   78714.0,   75948.0,   77276.0,   59977.0,   69333.0,   75932.0,   76474.0,       0.0,   76174.0,   82477.0,   70424.0,   81387.0,   85766.0,   70422.0,   85766.0,  138649.0,   81387.0,   81387.0,  185775.0,  201120.0,   85765.0,   70422.0,   85766.0,  185775.0,   81386.0,   81387.0,   70423.0,   85768.0,   70422.0,   70698.0,   85768.0,   81386.0,   70424.0,   70423.0,   92069.0,   27402.0,   83570.0,   93708.0,   93708.0,   93708.0,   93708.0,   84393.0,   83570.0,   83570.0,   81928.0,   81653.0,   83845.0,   84119.0,   84119.0,   80284.0,   86586.0,   77268.0,   73159.0,  132619.0,  132619.0,   92342.0,  140569.0,   87954.0,  209336.0,   86858.0,   85488.0
   69500.0,  132608.0,   25298.0,   26968.0,       2.0,   75619.0,  144009.0,   11676.0,   69222.0,   77566.0,   65057.0,  105641.0,   86462.0,  128159.0,   77010.0,   40588.0,  141504.0,  142338.0,  138446.0,  133163.0,   87849.0,   57551.0,   64499.0,   79512.0,   76732.0,   78176.0,   60604.0,   70056.0,   75618.0,   76174.0,   76174.0,       0.0,   83377.0,   71190.0,   82270.0,   86702.0,   71190.0,   86702.0,  140163.0,   82270.0,   82270.0,  187807.0,  203319.0,   86701.0,   71190.0,   86702.0,  187807.0,   82270.0,   82270.0,   71190.0,   86702.0,   71189.0,   71467.0,   86702.0,   82270.0,   71190.0,   71190.0,   93073.0,   27701.0,   84487.0,   94735.0,   94735.0,   94735.0,   94735.0,   85317.0,   84486.0,   84487.0,   82827.0,   82547.0,   84763.0,   85040.0,   85040.0,   81161.0,   87532.0,   78116.0,   73960.0,  134069.0,  134069.0,   93350.0,  142102.0,   88920.0,  211630.0,   87812.0,   86425.0
   75250.0,  143579.0,   27394.0,   29197.0,       0.0,   81873.0,  155919.0,   12645.0,   74949.0,   83980.0,   70435.0,  114380.0,   93611.0,  138763.0,   83378.0,   43947.0,  153209.0,  154112.0,  149898.0,  144180.0,   95120.0,   62308.0,   69835.0,   86088.0,   83078.0,   84581.0,   65619.0,   75854.0,   81874.0,   82476.0,   82477.0,   83377.0,       0.0,   77119.0,   89106.0,   93917.0,   77116.0,   93920.0,  151815.0,   89106.0,   89106.0,  203401.0,  220201.0,   93917.0,   77117.0,   93917.0,  203401.0,   89106.0,   89106.0,   77117.0,   93919.0,   77119.0,   77419.0,   93919.0,   89106.0,   77119.0,   77119.0,  100814.0,   30000.0,   91517.0,  102602.0,  102601.0,  102602.0,  102602.0,   92418.0,   91515.0,   91517.0,   89721.0,   89419.0,   91818.0,   92119.0,   92118.0,   87920.0,   94819.0,   84609.0,   80105.0,  145212.0,  145212.0,  101121.0,  153900.0,   96300.0,  229202.0,   95102.0,   93602.0
   64252.0,  122593.0,   23387.0,   24930.0,       4.0,   69904.0,  133126.0,   10795.0,   63994.0,   71703.0,   60138.0,   97661.0,   79927.0,  118478.0,   71190.0,   37522.0,  130813.0,  131584.0,  127986.0,  123105.0,   81223.0,   53203.0,   59625.0,   73502.0,   70933.0,   72217.0,   56026.0,   64765.0,   69909.0,   70422.0,   70424.0,   71190.0,   77119.0,       0.0,   76045.0,   81150.0,   66863.0,   81142.0,  130370.0,   76045.0,   76045.0,  174238.0,  188535.0,   81145.0,   66853.0,   81131.0,  174249.0,   76045.0,   76045.0,   66861.0,   81228.0,   66958.0,   67207.0,   81213.0,   76045.0,   66947.0,   66942.0,   87101.0,   25608.0,   78317.0,   87553.0,   87553.0,   87553.0,   87554.0,   79049.0,   78317.0,   78314.0,   76752.0,   76484.0,   78537.0,   78792.0,   78794.0,   75225.0,   81096.0,   72335.0,   68475.0,  123993.0,  123993.0,   86376.0,  131328.0,   82177.0,  195584.0,   81152.0,   79872.0
   74255.0,  141670.0,   27028.0,   28810.0,       0.0,   80785.0,  153846.0,   12477.0,   73953.0,   82864.0,   69498.0,  112860.0,   92367.0,  136917.0,   82274.0,   43363.0,  151175.0,  152065.0,  147907.0,  142268.0,   93931.0,   61484.0,   68909.0,   84949.0,   81978.0,   83457.0,   64754.0,   74852.0,   80793.0,   81387.0,   81387.0,   82270.0,   89106.0,   76045.0,       0.0,   92660.0,   76084.0,   92661.0,  149788.0,   89050.0,   89050.0,  200689.0,  217265.0,   92660.0,   76084.0,   92660.0,  200689.0,   89050.0,   89050.0,   76084.0,   92661.0,   76085.0,   76381.0,   92661.0,   89041.0,   76085.0,   76085.0,   99468.0,   29604.0,   90292.0,  101236.0,  101236.0,  101236.0,  101235.0,   91183.0,   90292.0,   90294.0,   88517.0,   88224.0,   90590.0,   90887.0,   90887.0,   86743.0,   93550.0,   83481.0,   79040.0,  143277.0,  143277.0,   99765.0,  151850.0,   95017.0,  226146.0,   93834.0,   92355.0
   78252.0,  149305.0,   28483.0,   30362.0,       2.0,   85136.0,  162135.0,   13146.0,   77938.0,   87327.0,   73243.0,  118940.0,   97343.0,  144293.0,   86702.0,   45698.0,  159317.0,  160256.0,  155874.0,  149929.0,   98919.0,   64794.0,   72616.0,   89518.0,   86389.0,   87953.0,   68234.0,   78877.0,   85140.0,   85765.0,   85766.0,   86702.0,   93917.0,   81150.0,   92660.0,       0.0,   81283.0,   98755.0,  158715.0,   92676.0,   92676.0,  212197.0,  229682.0,   98745.0,   81281.0,   98747.0,  212209.0,   92676.0,   92676.0,   81273.0,   98687.0,   81205.0,   81483.0,   98689.0,   92676.0,   81194.0,   81212.0,  105774.0,   31207.0,   95399.0,  106708.0,  106708.0,  106708.0,  106707.0,   96301.0,   95399.0,   95399.0,   93498.0,   93180.0,   95680.0,   95988.0,   95994.0,   91633.0,   98788.0,   88139.0,   83429.0,  151095.0,  151095.0,  105242.0,  160057.0,  100153.0,  238368.0,   98905.0,   97344.0
   64252.0,  122593.0,   23387.0,   24930.0,       2.0,   69904.0,  133126.0,   10794.0,   63994.0,   71703.0,   60139.0,   97660.0,   79927.0,  118477.0,   71190.0,   37522.0,  130813.0,  131584.0,  127986.0,  123105.0,   81223.0,   53202.0,   59625.0,   73502.0,   70933.0,   72217.0,   56026.0,   64765.0,   69908.0,   70421.0,   70422.0,   71190.0,   77116.0,   66863.0,   76084.0,   81283.0,       0.0,   81223.0,  130425.0,   76044.0,   76044.0,  174291.0,  188577.0,   81230.0,   66945.0,   81226.0,  174290.0,   76044.0,   76044.0,   66933.0,   81144.0,   66872.0,   67083.0,   81156.0,   76044.0,   66857.0,   66875.0,   87013.0,   25607.0,   78321.0,   87554.0,   87554.0,   87554.0,   87554.0,   79050.0,   78321.0,   78317.0,   76759.0,   76486.0,   78553.0,   78792.0,   78806.0,   75222.0,   81097.0,   72343.0,   68475.0,  123990.0,  123990.0,   86369.0,  131329.0,   82177.0,  195584.0,   81153.0,   79872.0
   78252.0,  149305.0,   28483.0,   30362.0,       2.0,   85136.0,  162134.0,   13146.0,   77938.0,   87327.0,   73243.0,  118940.0,   97343.0,  144293.0,   86702.0,   45698.0,  159317.0,  160256.0,  155874.0,  149929.0,   98919.0,   64794.0,   72617.0,   89518.0,   86389.0,   87953.0,   68236.0,   78879.0,   85140.0,   85765.0,   85766.0,   86702.0,   93920.0,   81142.0,   92661.0,   98755.0,   81223.0,       0.0,  158711.0,   92677.0,   92677.0,  212196.0,  229670.0,   98752.0,   81273.0,   98744.0,  212205.0,   92677.0,   92677.0,   81277.0,   98685.0,   81205.0,   81479.0,   98688.0,   92677.0,   81193.0,   81212.0,  105778.0,   31207.0,   95401.0,  106705.0,  106705.0,  106705.0,  106706.0,   96297.0,   95401.0,   95397.0,   93503.0,   93176.0,   95684.0,   95984.0,   95998.0,   91630.0,   98793.0,   88132.0,   83425.0,  151095.0,  151095.0,  105246.0,  160056.0,  100153.0,  238368.0,   98905.0,   97344.0
  126502.0,  241365.0,   46046.0,   49083.0,       2.0,  137632.0,  262109.0,   21253.0,  125994.0,  141174.0,  118405.0,  192280.0,  157366.0,  233266.0,  140163.0,   73876.0,  257554.0,  259072.0,  251988.0,  242376.0,  159907.0,  104742.0,  117392.0,  144716.0,  139656.0,  142186.0,  110310.0,  127513.0,  137637.0,  138648.0,  138649.0,  140163.0,  151815.0,  130370.0,  149788.0,  158715.0,  130425.0,  158711.0,       0.0,  149997.0,  149997.0,  343105.0,  371341.0,  158894.0,  130679.0,  158887.0,  343098.0,  149997.0,  149997.0,  130703.0,  158857.0,  130628.0,  131098.0,  158851.0,  149997.0,  130620.0,  130628.0,  170511.0,   50507.0,  154233.0,  172711.0,  172711.0,  172711.0,  172712.0,  155706.0,  154233.0,  154231.0,  151172.0,  150657.0,  154707.0,  155200.0,  155217.0,  148143.0,  159741.0,  142527.0,  134927.0,  244501.0,  244501.0,  170266.0,  259066.0,  162106.0,  385820.0,  160085.0,  157560.0
   74257.0,  141670.0,   27028.0,   28810.0,       0.0,   80785.0,  153846.0,   12477.0,   73953.0,   82864.0,   69498.0,  112860.0,   92367.0,  136917.0,   82274.0,   43363.0,  151175.0,  152065.0,  147907.0,  142268.0,   93930.0,   61484.0,   68909.0,   84949.0,   81978.0,   83457.0,   64755.0,   74853.0,   80793.0,   81387.0,   81387.0,   82270.0,   89106.0,   76045.0,   89050.0,   92676.0,   76044.0,   92677.0,  149997.0,       0.0,   89050.0,  200689.0,  217265.0,   92660.0,   76084.0,   92660.0,  200689.0,   89050.0,   89050.0,   76084.0,   92661.0,   76085.0,   76381.0,   92661.0,   89041.0,   76085.0,   76085.0,   99468.0,   29604.0,   90292.0,  101235.0,  101235.0,  101235.0,  101235.0,   91183.0,   90292.0,   90294.0,   88517.0,   88224.0,   90590.0,   90887.0,   90887.0,   86743.0,   93550.0,   83481.0,   79040.0,  143277.0,  143277.0,   99765.0,  151850.0,   95017.0,  226146.0,   93834.0,   92355.0
   74257.0,  141670.0,   27028.0,   28810.0,       0.0,   80785.0,  153846.0,   12477.0,   73953.0,   82864.0,   69498.0,  112860.0,   92367.0,  136917.0,   82274.0,   43363.0,  151175.0,  152065.0,  147907.0,  142268.0,   93931.0,   61484.0,   68909.0,   84949.0,   81978.0,   83457.0,   64755.0,   74853.0,   80793.0,   81387.0,   81387.0,   82270.0,   89106.0,   76045.0,   89050.0,   92676.0,   76044.0,   92677.0,  149997.0,   89050.0,       0.0,  200689.0,  217265.0,   92660.0,   76084.0,   92660.0,  200689.0,   89050.0,   89050.0,   76084.0,   92661.0,   76085.0,   76381.0,   92661.0,   89041.0,   76085.0,   76085.0,   99468.0,   29604.0,   90292.0,  101236.0,  101236.0,  101236.0,  101235.0,   91183.0,   90292.0,   90294.0,   88517.0,   88224.0,   90590.0,   90887.0,   90887.0,   86743.0,   93550.0,   83481.0,   79040.0,  143277.0,  143277.0,   99765.0,  151850.0,   95017.0,  226146.0,   93834.0,   92355.0
  169502.0,  323409.0,   61698.0,   65767.0,       2.0,  184416.0,  351205.0,   28476.0,  168822.0,  189162.0,  158653.0,  257640.0,  210858.0,  312558.0,  187806.0,   98988.0,  345102.0,  347136.0,  337644.0,  324764.0,  214252.0,  140346.0,  157296.0,  193908.0,  187128.0,  190518.0,  147806.0,  170857.0,  184419.0,  185774.0,  185775.0,  187807.0,  203401.0,  174238.0,  200689.0,  212197.0,  174291.0,  212196.0,  343105.0,  200689.0,  200689.0,       0.0,  497597.0,  212575.0,  174719.0,  212563.0,  459740.0,  201070.0,  201070.0,  174707.0,  212526.0,  174665.0,  175314.0,  212547.0,  201070.0,  174670.0,  174676.0,  228137.0,   67707.0,  206616.0,  231535.0,  231535.0,  231535.0,  231536.0,  208625.0,  206616.0,  206614.0,  202537.0,  201856.0,  207271.0,  207949.0,  207953.0,  198488.0,  214036.0,  190988.0,  180818.0,  327712.0,  327712.0,  228193.0,  347301.0,  217318.0,  517228.0,  214610.0,  211224.0
