JQLU01000005.1,EDR99618.1,JQKK01000015.1,AUJT01000030.1,ATWC01000054.1,ACV39665.1,ERL25782.1,KB890278.1,ERK53440.1,ERK48421.1,ERK47820.1,KGL43917.1,CBH27300.1,EUJ40903.1,ADQ78341.1,ETE53770.1,CDC65743.1,LARF01000048.1,ACOK01000100.1,JTLD01000029.1,GAE20957.1,EKB54193.1,AEK23281.1,KN549099.1,KIX21336.1,CCB70204.1,AMA48551.1,AEW86266.1,EHO06562.1,EHO08761.1,EKB06014.1,ADQ80738.1,KGE88582.1,KGL55352.1,ALJ25681.1,ALJ26029.1,ALO30226.1,ALA94104.1,GAP82240.1,ERJ81987.1,ERJ65637.1,ERJ65503.1,ERJ64231.1,AIJ36392.1,EOA10535.1,BAK25606.1,ERJ88434.1,ERJ87335.1,EIW94777.1,AAQ65551.1,KGN88274.1,KKC50278.1,KGN87312.1,KGN85385.1,KGN76020.1,KGO05347.1,KGL48767.1,KB899147.1,JHUW01000010.1,EJP27887.1,KIP58075.1,KIP63359.1,KIP62088.1,KIP58950.1,BAKF01000019.1,EFU31981.1,JVYU01002440.1,BAJY01000004.1,AFJ07523.1,KE392225.1,KJJ86756.1,EGQ18444.1,ERJ98772.1,BAJN01000005.1,EKY00089.1,BAKN01000001.1,AKP71851.1,AGC41344.1,AKQ40303.1,JTLI01000096.1,KDE72144.1,EHO19081.1,EIJ68860.1,JHXW01000011.1
       0.0,  118773.0,   22659.0,   24155.0,       0.0,   67735.0,  128986.0,   10460.0,   62001.0,   69475.0,   58273.0,   94640.0,   77464.0,  114809.0,   68991.0,   36358.0,  126741.0,  127488.0,  124002.0,  119271.0,   78684.0,   51543.0,   57768.0,   71214.0,   68726.0,   69969.0,   54283.0,   62749.0,   67729.0,   68226.0,   68226.0,   68973.0,   74700.0,   63744.0,   73706.0,   77688.0,   63744.0,   77688.0,  125745.0,   73706.0,   73706.0,  168573.0,  182517.0,   77688.0,   63744.0,   77688.0,  168573.0,   73706.0,   73706.0,   63744.0,   77688.0,   63744.0,   63993.0,   77688.0,   73706.0,   63744.0,   63744.0,   83415.0,   24651.0,   75697.0,   84909.0,   84909.0,   84909.0,   84909.0,   76444.0,   75697.0,   75697.0,   74203.0,   73953.0,   75945.0,   76194.0,   76194.0,   72710.0,   78437.0,   69972.0,   66234.0,  120267.0,  120267.0,   83664.0,  127488.0,   79681.0,  189989.0,   78685.0,   77440.0
  118773.0,       0.0,   43316.0,   46172.0,       0.0,  129472.0,  246568.0,   19992.0,  118524.0,  132804.0,  111385.0,  180880.0,  148037.0,  219436.0,  131854.0,   69496.0,  242352.0,  243777.0,  237104.0,  228005.0,  150419.0,   98533.0,  110433.0,  136136.0,  131377.0,  133758.0,  103768.0,  119953.0,  129472.0,  130424.0,  130424.0,  131853.0,  142801.0,  121857.0,  140896.0,  148513.0,  121857.0,  148513.0,  240381.0,  140896.0,  140896.0,  322253.0,  348909.0,  148513.0,  121857.0,  148513.0,  322253.0,  140896.0,  140896.0,  121857.0,  148513.0,  121857.0,  122333.0,  148513.0,  140896.0,  121857.0,  121857.0,  159460.0,   47125.0,  144705.0,  162317.0,  162317.0,  162317.0,  162317.0,  146133.0,  144705.0,  144705.0,  141849.0,  141373.0,  145181.0,  145657.0,  145657.0,  138992.0,  149940.0,  133756.0,  126616.0,  229909.0,  229909.0,  159937.0,  243712.0,  152321.0,  363188.0,  150417.0,  148036.0
   22659.0,   43316.0,       0.0,    8790.0,      75.0,   24480.0,   46620.0,    3780.0,   22410.0,   25110.0,   21060.0,   34200.0,   27990.0,   41490.0,   24930.0,   13141.0,   45810.0,   46080.0,   44821.0,   43110.0,   28440.0,   18630.0,   20880.0,   25740.0,   24840.0,   25290.0,   19620.0,   22680.0,   24480.0,   24660.0,   24660.0,   24930.0,   27000.0,   23040.0,   26641.0,   28080.0,   23040.0,   28080.0,   45450.0,   26641.0,   26641.0,   60930.0,   65970.0,   28080.0,   23040.0,   28080.0,   60930.0,   26641.0,   26641.0,   23040.0,   28080.0,   23040.0,   23130.0,   28080.0,   26641.0,   23040.0,   23040.0,   30150.0,    8910.0,   27360.0,   30690.0,   30690.0,   30690.0,   30690.0,   27630.0,   27360.0,   27360.0,   26820.0,   26730.0,   27451.0,   27540.0,   27540.0,   26280.0,   28350.0,   25290.0,   23942.0,   43470.0,   43470.0,   30240.0,   46080.0,   28800.0,   68672.0,   28440.0,   27990.0
   24155.0,   46172.0,    8790.0,       0.0,      51.0,   26112.0,   49728.0,    4034.0,   23905.0,   26785.0,   22464.0,   36480.0,   29856.0,   44256.0,   26592.0,   14016.0,   48864.0,   49153.0,   47809.0,   45984.0,   30336.0,   19872.0,   22272.0,   27456.0,   26498.0,   26976.0,   20928.0,   24192.0,   26112.0,   26304.0,   26304.0,   26592.0,   28800.0,   24576.0,   28417.0,   29952.0,   24576.0,   29952.0,   48480.0,   28417.0,   28417.0,   64992.0,   70368.0,   29952.0,   24576.0,   29952.0,   64992.0,   28417.0,   28417.0,   24576.0,   29952.0,   24576.0,   24672.0,   29952.0,   28417.0,   24576.0,   24576.0,   32161.0,    9505.0,   29184.0,   32736.0,   32736.0,   32736.0,   32736.0,   29472.0,   29184.0,   29184.0,   28608.0,   28512.0,   29280.0,   29376.0,   29376.0,   28032.0,   30241.0,   26976.0,   25536.0,   46368.0,   46368.0,   32256.0,   49152.0,   30720.0,   73249.0,   30336.0,   29857.0
       0.0,       0.0,      75.0,      51.0,       0.0,       0.0,       0.0,       0.0,       0.0,       2.0,       0.0,       0.0,       0.0,       0.0,       0.0,       0.0,       0.0,       0.0,       0.0,       0.0,       0.0,       0.0,       0.0,       0.0,       0.0,       0.0,       0.0,       0.0,       0.0,       0.0,       0.0,       0.0,       0.0,       1.0,       0.0,       0.0,       0.0,       0.0,       0.0,       0.0,       0.0,       0.0,       0.0,       0.0,       0.0,       0.0,       0.0,       0.0,       0.0,       0.0,       1.0,       1.0,       1.0,       1.0,       0.0,       1.0,       1.0,       1.0,       0.0,       1.0,       0.0,       0.0,       0.0,       0.0,       0.0,       0.0,       0.0,       0.0,       0.0,       0.0,       0.0,       0.0,       0.0,       0.0,       0.0,       0.0,       0.0,       0.0,       0.0,       0.0,       0.0,       0.0,       0.0,       1.0
   67735.0,  129472.0,   24480.0,   26112.0,       0.0,       0.0,  141045.0,   11383.0,   67484.0,   76342.0,   63529.0,  102988.0,   84289.0,  124939.0,   75077.0,   39568.0,  137940.0,  138752.0,  134958.0,  129809.0,   85636.0,   56097.0,   62872.0,   77506.0,   74796.0,   76151.0,   59078.0,   68292.0,   73713.0,   74254.0,   74254.0,   75067.0,   81300.0,   69376.0,   80216.0,   84552.0,   69376.0,   84552.0,  136855.0,   80216.0,   80216.0,  183467.0,  198643.0,   84552.0,   69376.0,   84552.0,  183467.0,   80216.0,   80216.0,   69376.0,   84552.0,   69376.0,   69647.0,   84552.0,   80216.0,   69376.0,   69376.0,   90785.0,   26830.0,   82385.0,   92411.0,   92411.0,   92411.0,   92411.0,   83198.0,   82385.0,   82385.0,   80758.0,   80488.0,   82656.0,   82927.0,   82927.0,   79133.0,   85366.0,   76152.0,   72086.0,  130893.0,  130893.0,   91056.0,  138752.0,   86720.0,  206773.0,   85636.0,   84281.0
  128986.0,  246568.0,   46620.0,   49728.0,       0.0,  141045.0,       0.0,   21715.0,  128738.0,  144773.0,  121087.0,  196465.0,  160792.0,  238342.0,  143217.0,   75483.0,  263154.0,  264704.0,  257466.0,  247643.0,  163372.0,  107019.0,  119944.0,  147862.0,  142692.0,  145277.0,  112706.0,  130284.0,  140625.0,  141658.0,  141658.0,  143209.0,  155100.0,  132352.0,  153032.0,  161304.0,  132352.0,  161304.0,  261085.0,  153032.0,  153032.0,  350009.0,  378961.0,  161304.0,  132352.0,  161304.0,  350009.0,  153032.0,  153032.0,  132352.0,  161304.0,  132352.0,  132869.0,  161304.0,  153032.0,  132352.0,  132352.0,  173195.0,   51184.0,  157169.0,  176297.0,  176297.0,  176297.0,  176297.0,  158720.0,  157169.0,  157169.0,  154066.0,  153551.0,  157686.0,  158203.0,  158203.0,  150965.0,  162856.0,  145278.0,  137522.0,  249711.0,  249711.0,  173712.0,  264704.0,  165440.0,  394471.0,  163372.0,  160787.0
   10460.0,   19992.0,    3780.0,    4034.0,       0.0,   11383.0,   21715.0,       0.0,   10209.0,   11442.0,    9596.0,   15580.0,   12751.0,   18901.0,   11357.0,    5986.0,   20869.0,   20992.0,   20418.0,   19639.0,   12956.0,    8487.0,    9512.0,   11726.0,   11318.0,   11521.0,    8938.0,   10332.0,   11152.0,   11235.0,   11234.0,   11357.0,   12300.0,   10496.0,   12137.0,   12792.0,   10496.0,   12792.0,   20705.0,   12137.0,   12137.0,   27757.0,   30053.0,   12792.0,   10496.0,   12792.0,   27757.0,   12137.0,   12137.0,   10496.0,   12792.0,   10496.0,   10537.0,   12792.0,   12137.0,   10496.0,   10496.0,   13735.0,    4059.0,   12464.0,   13981.0,   13981.0,   13981.0,   13981.0,   12587.0,   12464.0,   12464.0,   12219.0,   12177.0,   12507.0,   12547.0,   12548.0,   11972.0,   12915.0,   11522.0,   10906.0,   19803.0,   19803.0,   13776.0,   20992.0,   13120.0,   31284.0,   12956.0,   12753.0
   62001.0,  118524.0,   22410.0,   23905.0,       0.0,   67484.0,  128738.0,   10209.0,       0.0,   69196.0,   58040.0,   94241.0,   77129.0,  114329.0,   68698.0,   36208.0,  126234.0,  126977.0,  123504.0,  118793.0,   78368.0,   51336.0,   57536.0,   70928.0,   68448.0,   69690.0,   54064.0,   62496.0,   67457.0,   67954.0,   67954.0,   68696.0,   74400.0,   63488.0,   73408.0,   77376.0,   63488.0,   77376.0,  125240.0,   73408.0,   73408.0,  167896.0,  181784.0,   77376.0,   63488.0,   77376.0,  167896.0,   73408.0,   73408.0,   63488.0,   77376.0,   63488.0,   63736.0,   77376.0,   73408.0,   63488.0,   63488.0,   83080.0,   24552.0,   75392.0,   84569.0,   84568.0,   84568.0,   84568.0,   76137.0,   75392.0,   75392.0,   73904.0,   73657.0,   75642.0,   75889.0,   75890.0,   72416.0,   78120.0,   69688.0,   65968.0,  119784.0,  119784.0,   83328.0,  126976.0,   79360.0,  189225.0,   78368.0,   77129.0
   69475.0,  132804.0,   25110.0,   26785.0,       2.0,   76342.0,  144773.0,   11442.0,   69196.0,       0.0,   65168.0,  105646.0,   86463.0,  128164.0,   77014.0,   40589.0,  141503.0,  142336.0,  138444.0,  133162.0,   87848.0,   57546.0,   64496.0,   79508.0,   76730.0,   78118.0,   60604.0,   70056.0,   75616.0,   76172.0,   76172.0,   77006.0,   83400.0,   71168.0,   82289.0,   86736.0,   71168.0,   86736.0,  140390.0,   82289.0,   82289.0,  188206.0,  203774.0,   86736.0,   71168.0,   86736.0,  188206.0,   82289.0,   82289.0,   71168.0,   86736.0,   71168.0,   71446.0,   86736.0,   82289.0,   71168.0,   71168.0,   93130.0,   27523.0,   84512.0,   94798.0,   94798.0,   94798.0,   94798.0,   85347.0,   84512.0,   84512.0,   82844.0,   82567.0,   84791.0,   85069.0,   85069.0,   81176.0,   87570.0,   78118.0,   73948.0,  134274.0,  134274.0,   93408.0,  142336.0,   88960.0,  212115.0,   87848.0,   86459.0
   58273.0,  111385.0,   21060.0,   22464.0,       0.0,   63529.0,  121087.0,    9596.0,   58040.0,   65168.0,       0.0,   88548.0,   72471.0,  107421.0,   64554.0,   34020.0,  118598.0,  119297.0,  116034.0,  111608.0,   73629.0,   48232.0,   54057.0,   66638.0,   64309.0,   65478.0,   50794.0,   58716.0,   63376.0,   63843.0,   63843.0,   64544.0,   69900.0,   59648.0,   68968.0,   72696.0,   59648.0,   72696.0,  117665.0,   68968.0,   68968.0,  157741.0,  170789.0,   72696.0,   59648.0,   72696.0,  157741.0,   68968.0,   68968.0,   59648.0,   72696.0,   59648.0,   59881.0,   72696.0,   68968.0,   59648.0,   59648.0,   78055.0,   23068.0,   70833.0,   79454.0,   79454.0,   79454.0,   79454.0,   71532.0,   70833.0,   70835.0,   69435.0,   69202.0,   71066.0,   71299.0,   71299.0,   68036.0,   73395.0,   65473.0,   61978.0,  112539.0,  112539.0,   78288.0,  119296.0,   74561.0,  177779.0,   73629.0,   72463.0
   94640.0,  180880.0,   34200.0,   36480.0,       0.0,  102988.0,  196465.0,   15580.0,   94241.0,  105646.0,   88548.0,       0.0,  117911.0,  175658.0,  104998.0,   55336.0,  192912.0,  194048.0,  188742.0,  181541.0,  119764.0,   78453.0,   87928.0,  108395.0,  104604.0,  106499.0,   82622.0,   95508.0,  103089.0,  103847.0,  103847.0,  104983.0,  113700.0,   97024.0,  112184.0,  118248.0,   97024.0,  118248.0,  191395.0,  112184.0,  112184.0,  256583.0,  277807.0,  118248.0,   97024.0,  118248.0,  256583.0,  112184.0,  112184.0,   97024.0,  118248.0,   97024.0,   97403.0,  118248.0,  112184.0,   97024.0,   97024.0,  126965.0,   37521.0,  115217.0,  129240.0,  129240.0,  129240.0,  129240.0,  116354.0,  115216.0,  115216.0,  112942.0,  112564.0,  115596.0,  115975.0,  115975.0,  110668.0,  119385.0,  106499.0,  100814.0,  183057.0,  183057.0,  127344.0,  194050.0,  121280.0,  289177.0,  119764.0,  117869.0
   77464.0,  148037.0,   27990.0,   29856.0,       0.0,   84289.0,  160792.0,   12751.0,   77129.0,   86463.0,   72471.0,  117911.0,       0.0,  142951.0,   85889.0,   45262.0,  157793.0,  158721.0,  154380.0,  148490.0,   97961.0,   64171.0,   71922.0,   88661.0,   85561.0,   87113.0,   67580.0,   78120.0,   84320.0,   84940.0,   84940.0,   85871.0,   93000.0,   79360.0,   91760.0,   96720.0,   79360.0,   96720.0,  156550.0,   91760.0,   91760.0,  209870.0,  227230.0,   96720.0,   79360.0,   96720.0,  209870.0,   91760.0,   91760.0,   79360.0,   96720.0,   79360.0,   79670.0,   96720.0,   91760.0,   79360.0,   79360.0,  103850.0,   30691.0,   94241.0,  105712.0,  105712.0,  105712.0,  105712.0,   95171.0,   94241.0,   94241.0,   92381.0,   92071.0,   94551.0,   94861.0,   94861.0,   90520.0,   97650.0,   87110.0,   82460.0,  149730.0,  149730.0,  104160.0,  158720.0,   99202.0,  236531.0,   97961.0,   96410.0
  114809.0,  219436.0,   41490.0,   44256.0,       0.0,  124939.0,  238342.0,   18901.0,  114329.0,  128164.0,  107421.0,  175658.0,  142951.0,       0.0,  127439.0,   67163.0,  234141.0,  235520.0,  229080.0,  220340.0,  145360.0,   95221.0,  106721.0,  131561.0,  126960.0,  129260.0,  100282.0,  115920.0,  125121.0,  126041.0,  126041.0,  127420.0,  138000.0,  117760.0,  136160.0,  143520.0,  117760.0,  143520.0,  232300.0,  136160.0,  136160.0,  311420.0,  337180.0,  143520.0,  117760.0,  143520.0,  311420.0,  136160.0,  136160.0,  117760.0,  143520.0,  117760.0,  118220.0,  143520.0,  136160.0,  117760.0,  117760.0,  154100.0,   45540.0,  139840.0,  156860.0,  156860.0,  156860.0,  156860.0,  141221.0,  139840.0,  139840.0,  137080.0,  136621.0,  140301.0,  140761.0,  140761.0,  134320.0,  144900.0,  129260.0,  122360.0,  222181.0,  222181.0,  154561.0,  235522.0,  147200.0,  350980.0,  145360.0,  143060.0
   68991.0,  131854.0,   24930.0,   26592.0,       0.0,   75077.0,  143217.0,   11357.0,   68698.0,   77014.0,   64554.0,  104998.0,   85889.0,  127439.0,       0.0,   40298.0,  140486.0,  141314.0,  137448.0,  132204.0,   87218.0,   57134.0,   64034.0,   78936.0,   76178.0,   77561.0,   60168.0,   69552.0,   75072.0,   75624.0,   75624.0,   76454.0,   82800.0,   70656.0,   81698.0,   86112.0,   70656.0,   86112.0,  139380.0,   81698.0,   81698.0,  186852.0,  202308.0,   86112.0,   70656.0,   86112.0,  186852.0,   81698.0,   81698.0,   70656.0,   86112.0,   70656.0,   70932.0,   86112.0,   81698.0,   70656.0,   70656.0,   92460.0,   27326.0,   83906.0,   94119.0,   94119.0,   94119.0,   94119.0,   84734.0,   83906.0,   83906.0,   82250.0,   81974.0,   84182.0,   84458.0,   84458.0,   80592.0,   86940.0,   77556.0,   73416.0,  133308.0,  133308.0,   92736.0,  141312.0,   88322.0,  210588.0,   87218.0,   85836.0
   36358.0,   69496.0,   13141.0,   14016.0,       0.0,   39568.0,   75483.0,    5986.0,   36208.0,   40589.0,   34020.0,   55336.0,   45262.0,   67163.0,   40298.0,       0.0,   73805.0,   74240.0,   72211.0,   69455.0,   45820.0,   30018.0,   33642.0,   41471.0,   40020.0,   40745.0,   31611.0,   36540.0,   39440.0,   39730.0,   39730.0,   40165.0,   43500.0,   37120.0,   42921.0,   45240.0,   37120.0,   45240.0,   73225.0,   42921.0,   42921.0,   98165.0,  106285.0,   45240.0,   37120.0,   45240.0,   98165.0,   42921.0,   42921.0,   37120.0,   45240.0,   37120.0,   37265.0,   45240.0,   42921.0,   37120.0,   37120.0,   48575.0,   14355.0,   44080.0,   49445.0,   49445.0,   49445.0,   49445.0,   44515.0,   44080.0,   44080.0,   43210.0,   43065.0,   44225.0,   44370.0,   44370.0,   42340.0,   45675.0,   40745.0,   38571.0,   70036.0,   70036.0,   48721.0,   74240.0,   46400.0,  110635.0,   45820.0,   45095.0
  126741.0,  242352.0,   45810.0,   48864.0,       0.0,  137940.0,  263154.0,   20869.0,  126234.0,  141503.0,  118598.0,  192912.0,  157793.0,  234141.0,  140486.0,   73805.0,       0.0,  260931.0,  253084.0,  243332.0,  160529.0,  105157.0,  117857.0,  145288.0,  140209.0,  142750.0,  110744.0,  128016.0,  138176.0,  139192.0,  139192.0,  140717.0,  152400.0,  130048.0,  150368.0,  158496.0,  130048.0,  158496.0,  256540.0,  150368.0,  150368.0,  343916.0,  372364.0,  158496.0,  130048.0,  158496.0,  343916.0,  150368.0,  150368.0,  130048.0,  158496.0,  130048.0,  130556.0,  158496.0,  150368.0,  130048.0,  130048.0,  170180.0,   50293.0,  154433.0,  173229.0,  173229.0,  173229.0,  173229.0,  155958.0,  154433.0,  154433.0,  151385.0,  150878.0,  154942.0,  155450.0,  155450.0,  148336.0,  160020.0,  142748.0,  135128.0,  245364.0,  245364.0,  170688.0,  260096.0,  162561.0,  387604.0,  160529.0,  157988.0
  127488.0,  243777.0,   46080.0,   49153.0,       0.0,  138752.0,  264704.0,   20992.0,  126977.0,  142336.0,  119297.0,  194048.0,  158721.0,  235520.0,  141314.0,   74240.0,  260931.0,       0.0,  254577.0,  244769.0,  161477.0,  105778.0,  118553.0,  146146.0,  141037.0,  143593.0,  111398.0,  128772.0,  138992.0,  140014.0,  140014.0,  141548.0,  153300.0,  130816.0,  151256.0,  159432.0,  130816.0,  159432.0,  258055.0,  151256.0,  151256.0,  345947.0,  374563.0,  159432.0,  130816.0,  159432.0,  345947.0,  151256.0,  151256.0,  130816.0,  159432.0,  130816.0,  131327.0,  159432.0,  151256.0,  130816.0,  130816.0,  171186.0,   50591.0,  155345.0,  174252.0,  174252.0,  174252.0,  174252.0,  156878.0,  155345.0,  155345.0,  152279.0,  151768.0,  155856.0,  156367.0,  156367.0,  149212.0,  160966.0,  143591.0,  135926.0,  246813.0,  246813.0,  171696.0,  261632.0,  163521.0,  389893.0,  161477.0,  158921.0
  124002.0,  237104.0,   44821.0,   47809.0,       0.0,  134958.0,  257466.0,   20418.0,  123504.0,  138444.0,  116034.0,  188742.0,  154380.0,  229080.0,  137448.0,   72211.0,  253084.0,  254577.0,       0.0,  238063.0,  157052.0,  102879.0,  115304.0,  142142.0,  137172.0,  139657.0,  108346.0,  125244.0,  135184.0,  136178.0,  136178.0,  137669.0,  149100.0,  127232.0,  147113.0,  155064.0,  127232.0,  155064.0,  250985.0,  147113.0,  147113.0,  336469.0,  364301.0,  155064.0,  127232.0,  155064.0,  336469.0,  147113.0,  147113.0,  127232.0,  155064.0,  127232.0,  127729.0,  155064.0,  147113.0,  127232.0,  127232.0,  166496.0,   49204.0,  151088.0,  169477.0,  169477.0,  169477.0,  169477.0,  152579.0,  151088.0,  151088.0,  148106.0,  147609.0,  151585.0,  152082.0,  152082.0,  145124.0,  156556.0,  139657.0,  132203.0,  240051.0,  240051.0,  166992.0,  254464.0,  159040.0,  379211.0,  157052.0,  154567.0
  119271.0,  228005.0,   43110.0,   45984.0,       0.0,  129809.0,  247643.0,   19639.0,  118793.0,  133162.0,  111608.0,  181541.0,  148490.0,  220340.0,  132204.0,   69455.0,  243332.0,  244769.0,  238063.0,       0.0,  151049.0,   98946.0,  110896.0,  136708.0,  131928.0,  134318.0,  104204.0,  120457.0,  130016.0,  130973.0,  130973.0,  132406.0,  143401.0,  122369.0,  141489.0,  149137.0,  122369.0,  149137.0,  241391.0,  141489.0,  141489.0,  323607.0,  350375.0,  149137.0,  122369.0,  149137.0,  323607.0,  141489.0,  141489.0,  122369.0,  149137.0,  122369.0,  122847.0,  149137.0,  141489.0,  122369.0,  122369.0,  160130.0,   47322.0,  145312.0,  162998.0,  162998.0,  162998.0,  162998.0,  146746.0,  145312.0,  145312.0,  142444.0,  141966.0,  145790.0,  146268.0,  146268.0,  139576.0,  150570.0,  134318.0,  127148.0,  230876.0,  230876.0,  160610.0,  244736.0,  152960.0,  364714.0,  151048.0,  148658.0
   78684.0,  150419.0,   28440.0,   30336.0,       0.0,   85636.0,  163372.0,   12956.0,   78368.0,   87848.0,   73629.0,  119764.0,   97961.0,  145360.0,   87218.0,   45820.0,  160529.0,  161477.0,  157052.0,  151049.0,       0.0,   65209.0,   73083.0,   90092.0,   86943.0,   88517.0,   68672.0,   79383.0,   85682.0,   86312.0,   86312.0,   87256.0,   94501.0,   80645.0,   93296.0,   98285.0,   80645.0,   98285.0,  159080.0,   93294.0,   93296.0,  213256.0,  230896.0,   98285.0,   80645.0,   98285.0,  213256.0,   93296.0,   93296.0,   80645.0,   98285.0,   80645.0,   80960.0,   98285.0,   93294.0,   80645.0,   80645.0,  105529.0,   31188.0,   95764.0,  107418.0,  107418.0,  107418.0,  107418.0,   96710.0,   95764.0,   95764.0,   93875.0,   93560.0,   96080.0,   96395.0,   96395.0,   91984.0,   99231.0,   88518.0,   83791.0,  152146.0,  152146.0,  105841.0,  161280.0,  100802.0,  240346.0,   99542.0,   97965.0
   51543.0,   98533.0,   18630.0,   19872.0,       0.0,   56097.0,  107019.0,    8487.0,   51336.0,   57546.0,   48232.0,   78453.0,   64171.0,   95221.0,   57134.0,   30018.0,  105157.0,  105778.0,  102879.0,   98946.0,   65209.0,       0.0,   48066.0,   58971.0,   56886.0,   57888.0,   44927.0,   51930.0,   56132.0,   56543.0,   56541.0,   57063.0,   61800.0,   52736.0,   60978.0,   64272.0,   52736.0,   64272.0,  104030.0,   60978.0,   60978.0,  139462.0,  150998.0,   64272.0,   52736.0,   64272.0,  139462.0,   60978.0,   60978.0,   52736.0,   64272.0,   52736.0,   52942.0,   64272.0,   60978.0,   52736.0,   52736.0,   69010.0,   20397.0,   62625.0,   70248.0,   70248.0,   70248.0,   70248.0,   63243.0,   62625.0,   62625.0,   61389.0,   61183.0,   62831.0,   63037.0,   63037.0,   60152.0,   64890.0,   57886.0,   54796.0,   99499.0,   99499.0,   69217.0,  105474.0,   65922.0,  157178.0,   65098.0,   64066.0
   57768.0,  110433.0,   20880.0,   22272.0,       0.0,   62872.0,  119944.0,    9512.0,   57536.0,   64496.0,   54057.0,   87928.0,   71922.0,  106721.0,   64034.0,   33642.0,  117857.0,  118553.0,  115304.0,  110896.0,   73083.0,   48066.0,       0.0,   66128.0,   63800.0,   64914.0,   50384.0,   58237.0,   62931.0,   63392.0,   63393.0,   63988.0,   69300.0,   59136.0,   68378.0,   72072.0,   59136.0,   72072.0,  116655.0,   68378.0,   68378.0,  156387.0,  169323.0,   72072.0,   59136.0,   72072.0,  156387.0,   68378.0,   68378.0,   59136.0,   72072.0,   59136.0,   59367.0,   72072.0,   68378.0,   59136.0,   59136.0,   77385.0,   22871.0,   70225.0,   78772.0,   78772.0,   78772.0,   78772.0,   70918.0,   70225.0,   70225.0,   68839.0,   68608.0,   70456.0,   70687.0,   70687.0,   67452.0,   72765.0,   64911.0,   61446.0,  111574.0,  111574.0,   77617.0,  118274.0,   73922.0,  176254.0,   72998.0,   71841.0
   71214.0,  136136.0,   25740.0,   27456.0,       0.0,   77506.0,  147862.0,   11726.0,   70928.0,   79508.0,   66638.0,  108395.0,   88661.0,  131561.0,   78936.0,   41471.0,  145288.0,  146146.0,  142142.0,  136708.0,   90092.0,   58971.0,   66128.0,       0.0,   78706.0,   80085.0,   62159.0,   71850.0,   77565.0,   78135.0,   78135.0,   78948.0,   85500.0,   72960.0,   84362.0,   88920.0,   72960.0,   88920.0,  143925.0,   84362.0,   84362.0,  192945.0,  208905.0,   88920.0,   72960.0,   88920.0,  192945.0,   84362.0,   84362.0,   72960.0,   88920.0,   72960.0,   73245.0,   88920.0,   84362.0,   72960.0,   72960.0,   95475.0,   28215.0,   86640.0,   97186.0,   97186.0,   97186.0,   97186.0,   87495.0,   86640.0,   86640.0,   84930.0,   84645.0,   86925.0,   87210.0,   87210.0,   83220.0,   89775.0,   80085.0,   75811.0,  137656.0,  137656.0,   95761.0,  145920.0,   91200.0,  217455.0,   90060.0,   88635.0
   68726.0,  131377.0,   24840.0,   26498.0,       0.0,   74796.0,  142692.0,   11318.0,   68448.0,   76730.0,   64309.0,  104604.0,   85561.0,  126960.0,   76178.0,   40020.0,  140209.0,  141037.0,  137172.0,  131928.0,   86943.0,   56886.0,   63800.0,   78706.0,       0.0,   77279.0,   59995.0,   69349.0,   74833.0,   75383.0,   75383.0,   76177.0,   82500.0,   70400.0,   81403.0,   85800.0,   70400.0,   85800.0,  138875.0,   81403.0,   81403.0,  186175.0,  201575.0,   85800.0,   70400.0,   85800.0,  186175.0,   81403.0,   81403.0,   70400.0,   85800.0,   70400.0,   70675.0,   85800.0,   81403.0,   70400.0,   70400.0,   92125.0,   27226.0,   83602.0,   93776.0,   93776.0,   93776.0,   93776.0,   84426.0,   83602.0,   83602.0,   81953.0,   81676.0,   83877.0,   84151.0,   84151.0,   80300.0,   86625.0,   77275.0,   73150.0,  132825.0,  132825.0,   92401.0,  140800.0,   88001.0,  209826.0,   86901.0,   85526.0
   69969.0,  133758.0,   25290.0,   26976.0,       0.0,   76151.0,  145277.0,   11521.0,   69690.0,   78118.0,   65478.0,  106499.0,   87113.0,  129260.0,   77561.0,   40745.0,  142750.0,  143593.0,  139657.0,  134318.0,   88517.0,   57888.0,   64914.0,   80085.0,   77279.0,       0.0,   61040.0,   70560.0,   76160.0,   76720.0,   76720.0,   77604.0,   84000.0,   71680.0,   82880.0,   87360.0,   71680.0,   87360.0,  141400.0,   82880.0,   82880.0,  189560.0,  205240.0,   87360.0,   71680.0,   87360.0,  189560.0,   82880.0,   82880.0,   71680.0,   87360.0,   71680.0,   71960.0,   87360.0,   82880.0,   71680.0,   71680.0,   93800.0,   27722.0,   85122.0,   95482.0,   95482.0,   95482.0,   95482.0,   85962.0,   85122.0,   85122.0,   83442.0,   83162.0,   85402.0,   85682.0,   85682.0,   81760.0,   88200.0,   78680.0,   74480.0,  135240.0,  135240.0,   94080.0,  143360.0,   89602.0,  213640.0,   88482.0,   87080.0
   54283.0,  103768.0,   19620.0,   20928.0,       0.0,   59078.0,  112706.0,    8938.0,   54064.0,   60604.0,   50794.0,   82622.0,   67580.0,  100282.0,   60168.0,   31611.0,  110744.0,  111398.0,  108346.0,  104204.0,   68672.0,   44927.0,   50384.0,   62159.0,   59995.0,   61040.0,       0.0,   55751.0,   59037.0,   59470.0,   59470.0,   60109.0,   65100.0,   55552.0,   64236.0,   67704.0,   55552.0,   67704.0,  109585.0,   64236.0,   64236.0,  146909.0,  159061.0,   67705.0,   55552.0,   67704.0,  146909.0,   64236.0,   64236.0,   55552.0,   67704.0,   55553.0,   55769.0,   67704.0,   64236.0,   55552.0,   55552.0,   72695.0,   21483.0,   65968.0,   73997.0,   73997.0,   73997.0,   73997.0,   66619.0,   65968.0,   65968.0,   64666.0,   64449.0,   66185.0,   66402.0,   66402.0,   63364.0,   68355.0,   60977.0,   57722.0,  104812.0,  104812.0,   72913.0,  111106.0,   69440.0,  165571.0,   68572.0,   67487.0
   62749.0,  119953.0,   22680.0,   24192.0,       0.0,   68292.0,  130284.0,   10332.0,   62496.0,   70056.0,   58716.0,   95508.0,   78120.0,  115920.0,   69552.0,   36540.0,  128016.0,  128772.0,  125244.0,  120457.0,   79383.0,   51930.0,   58237.0,   71850.0,   69349.0,   70560.0,   55751.0,       0.0,   68292.0,   68793.0,   68793.0,   69527.0,   75301.0,   64257.0,   74300.0,   78313.0,   64257.0,   78313.0,  126756.0,   74300.0,   74300.0,  169928.0,  183984.0,   78314.0,   64257.0,   78313.0,  169928.0,   74300.0,   74300.0,   64257.0,   78313.0,   64258.0,   64508.0,   78313.0,   74300.0,   64257.0,   64257.0,   84085.0,   24849.0,   76304.0,   85591.0,   85591.0,   85591.0,   85591.0,   77057.0,   76304.0,   76304.0,   74798.0,   74547.0,   76555.0,   76806.0,   76806.0,   73292.0,   79065.0,   70531.0,   66766.0,  121234.0,  121234.0,   84337.0,  128512.0,   80320.0,  191513.0,   79316.0,   78061.0
   67729.0,  129472.0,   24480.0,   26112.0,       0.0,   73713.0,  140625.0,   11152.0,   67457.0,   75616.0,   63376.0,  103089.0,   84320.0,  125121.0,   75072.0,   39440.0,  138176.0,  138992.0,  135184.0,  130016.0,   85682.0,   56132.0,   62931.0,   77565.0,   74833.0,   76160.0,   59037.0,   68292.0,       0.0,   75379.0,   75377.0,   75068.0,   81300.0,   69377.0,   80219.0,   84553.0,   69377.0,   84553.0,  136856.0,   80219.0,   80219.0,  183468.0,  198644.0,   84552.0,   69377.0,   84553.0,  183468.0,   80219.0,   80219.0,   69377.0,   84553.0,   69376.0,   69648.0,   84553.0,   80219.0,   69377.0,   69377.0,   90786.0,   26829.0,   82385.0,   92411.0,   92411.0,   92411.0,   92411.0,   83197.0,   82385.0,   82385.0,   80758.0,   80487.0,   82655.0,   82926.0,   82926.0,   79133.0,   85366.0,   76152.0,   72086.0,  130893.0,  130893.0,   91056.0,  138755.0,   86720.0,  206773.0,   85636.0,   84281.0
   68226.0,  130424.0,   24660.0,   26304.0,       0.0,   74254.0,  141658.0,   11235.0,   67954.0,   76172.0,   63843.0,  103847.0,   84940.0,  126041.0,   75624.0,   39730.0,  139192.0,  140014.0,  136178.0,  130973.0,   86312.0,   56543.0,   63392.0,   78135.0,   75383.0,   76720.0,   59470.0,   68793.0,   75379.0,       0.0,   75917.0,   75621.0,   81900.0,   69888.0,   80811.0,   85176.0,   69888.0,   85176.0,  137865.0,   80811.0,   80811.0,  184821.0,  200109.0,   85176.0,   69888.0,   85176.0,  184821.0,   80811.0,   80811.0,   69888.0,   85176.0,   69888.0,   70161.0,   85176.0,   80811.0,   69888.0,   69888.0,   91455.0,   27027.0,   82992.0,   93093.0,   93093.0,   93093.0,   93093.0,   83811.0,   82992.0,   82992.0,   81354.0,   81081.0,   83265.0,   83538.0,   83538.0,   79716.0,   85995.0,   76714.0,   72618.0,  131859.0,  131859.0,   91728.0,  139779.0,   87360.0,  208299.0,   86268.0,   84904.0
   68226.0,  130424.0,   24660.0,   26304.0,       0.0,   74254.0,  141658.0,   11234.0,   67954.0,   76172.0,   63843.0,  103847.0,   84940.0,  126041.0,   75624.0,   39730.0,  139192.0,  140014.0,  136178.0,  130973.0,   86312.0,   56541.0,   63393.0,   78135.0,   75383.0,   76720.0,   59470.0,   68793.0,   75377.0,   75917.0,       0.0,   75622.0,   81900.0,   69889.0,   80811.0,   85177.0,   69889.0,   85177.0,  137866.0,   80811.0,   80811.0,  184822.0,  200110.0,   85176.0,   69889.0,   85177.0,  184822.0,   80811.0,   80811.0,   69889.0,   85177.0,   69888.0,   70162.0,   85177.0,   80811.0,   69889.0,   69889.0,   91456.0,   27027.0,   82992.0,   93093.0,   93093.0,   93093.0,   93093.0,   83811.0,   82992.0,   82992.0,   81354.0,   81081.0,   83265.0,   83538.0,   83538.0,   79716.0,   85995.0,   76713.0,   72618.0,  131859.0,  131859.0,   91728.0,  139779.0,   87360.0,  208299.0,   86268.0,   84903.0
   68973.0,  131853.0,   24930.0,   26592.0,       0.0,   75067.0,  143209.0,   11357.0,   68696.0,   77006.0,   64544.0,  104983.0,   85871.0,  127420.0,   76454.0,   40165.0,  140717.0,  141548.0,  137669.0,  132406.0,   87256.0,   57063.0,   63988.0,   78948.0,   76177.0,   77604.0,   60109.0,   69527.0,   75068.0,   75621.0,   75622.0,       0.0,   82800.0,   70657.0,   81696.0,   86113.0,   70657.0,   86113.0,  139381.0,   81696.0,   81696.0,  186853.0,  202309.0,   86112.0,   70657.0,   86113.0,  186853.0,   81696.0,   81696.0,   70657.0,   86113.0,   70656.0,   70933.0,   86113.0,   81696.0,   70657.0,   70657.0,   92461.0,   27325.0,   83905.0,   94117.0,   94117.0,   94117.0,   94117.0,   84733.0,   83905.0,   83905.0,   82250.0,   81973.0,   84181.0,   84457.0,   84457.0,   80592.0,   86940.0,   77556.0,   73416.0,  133308.0,  133308.0,   92736.0,  141312.0,   88321.0,  210588.0,   87217.0,   85836.0
   74700.0,  142801.0,   27000.0,   28800.0,       0.0,   81300.0,  155100.0,   12300.0,   74400.0,   83400.0,   69900.0,  113700.0,   93000.0,  138000.0,   82800.0,   43500.0,  152400.0,  153300.0,  149100.0,  143401.0,   94501.0,   61800.0,   69300.0,   85500.0,   82500.0,   84000.0,   65100.0,   75301.0,   81300.0,   81900.0,   81900.0,   82800.0,       0.0,   76558.0,   88506.0,   93299.0,   76555.0,   93302.0,  151006.0,   88506.0,   88506.0,  202424.0,  219168.0,   93299.0,   76555.0,   93299.0,  202424.0,   88506.0,   88506.0,   76555.0,   93302.0,   76558.0,   76857.0,   93302.0,   88506.0,   76558.0,   76558.0,  100175.0,   29601.0,   90905.0,  101959.0,  101959.0,  101959.0,  101959.0,   91804.0,   90905.0,   90905.0,   89116.0,   88816.0,   91208.0,   91507.0,   91507.0,   87322.0,   94198.0,   84023.0,   79535.0,  144426.0,  144426.0,  100480.0,  153088.0,   95680.0,  228137.0,   94484.0,   92989.0
   63744.0,  121857.0,   23040.0,   24576.0,       1.0,   69376.0,  132352.0,   10496.0,   63488.0,   71168.0,   59648.0,   97024.0,   79360.0,  117760.0,   70656.0,   37120.0,  130048.0,  130816.0,  127232.0,  122369.0,   80645.0,   52736.0,   59136.0,   72960.0,   70400.0,   71680.0,   55552.0,   64257.0,   69377.0,   69888.0,   69889.0,   70657.0,   76558.0,       0.0,   75489.0,   80559.0,   66328.0,   80550.0,  129584.0,   75489.0,   75489.0,  173285.0,  187529.0,   80552.0,   66315.0,   80537.0,  173294.0,   75489.0,   75489.0,   66324.0,   80654.0,   66442.0,   66691.0,   80636.0,   75489.0,   66427.0,   66424.0,   86507.0,   25250.0,   77712.0,   86955.0,   86955.0,   86955.0,   86955.0,   78446.0,   77711.0,   77709.0,   76157.0,   75890.0,   77934.0,   78187.0,   78188.0,   74633.0,   80485.0,   71768.0,   67926.0,  123220.0,  123220.0,   85744.0,  130560.0,   81600.0,  194565.0,   80580.0,   79305.0
   73706.0,  140896.0,   26641.0,   28417.0,       0.0,   80216.0,  153032.0,   12137.0,   73408.0,   82289.0,   68968.0,  112184.0,   91760.0,  136160.0,   81698.0,   42921.0,  150368.0,  151256.0,  147113.0,  141489.0,   93296.0,   60978.0,   68378.0,   84362.0,   81403.0,   82880.0,   64236.0,   74300.0,   80219.0,   80811.0,   80811.0,   81696.0,   88506.0,   75489.0,       0.0,   92049.0,   75529.0,   92049.0,  148984.0,   88454.0,   88454.0,  199715.0,  216235.0,   92049.0,   75529.0,   92049.0,  199715.0,   88454.0,   88454.0,   75529.0,   92049.0,   75529.0,   75824.0,   92049.0,   88443.0,   75529.0,   75529.0,   98834.0,   29205.0,   89688.0,  100595.0,  100595.0,  100595.0,  100595.0,   90575.0,   89688.0,   89689.0,   87919.0,   87624.0,   89984.0,   90279.0,   90279.0,   86149.0,   92934.0,   82899.0,   78474.0,  142491.0,  142491.0,   99126.0,  151040.0,   94400.0,  225086.0,   93220.0,   91746.0
   77688.0,  148513.0,   28080.0,   29952.0,       0.0,   84552.0,  161304.0,   12792.0,   77376.0,   86736.0,   72696.0,  118248.0,   96720.0,  143520.0,   86112.0,   45240.0,  158496.0,  159432.0,  155064.0,  149137.0,   98285.0,   64272.0,   72072.0,   88920.0,   85800.0,   87360.0,   67704.0,   78313.0,   84553.0,   85176.0,   85177.0,   86113.0,   93299.0,   80559.0,   92049.0,       0.0,   80710.0,   98128.0,  157893.0,   92065.0,   92065.0,  211201.0,  228633.0,   98116.0,   80709.0,   98117.0,  211215.0,   92065.0,   92065.0,   80698.0,   98045.0,   80614.0,   80886.0,   98048.0,   92065.0,   80601.0,   80619.0,  105101.0,   30794.0,   94740.0,  106053.0,  106053.0,  106053.0,  106051.0,   95643.0,   94739.0,   94740.0,   92847.0,   92530.0,   95022.0,   95328.0,   95332.0,   90987.0,   98120.0,   87512.0,   82824.0,  150266.0,  150266.0,  104555.0,  159232.0,   99520.0,  237293.0,   98276.0,   96721.0
   63744.0,  121857.0,   23040.0,   24576.0,       0.0,   69376.0,  132352.0,   10496.0,   63488.0,   71168.0,   59648.0,   97024.0,   79360.0,  117760.0,   70656.0,   37120.0,  130048.0,  130816.0,  127232.0,  122369.0,   80645.0,   52736.0,   59136.0,   72960.0,   70400.0,   71680.0,   55552.0,   64257.0,   69377.0,   69888.0,   69889.0,   70657.0,   76555.0,   66328.0,   75529.0,   80710.0,       0.0,   80651.0,  129657.0,   75489.0,   75489.0,  173352.0,  187584.0,   80659.0,   66430.0,   80652.0,  173353.0,   75489.0,   75489.0,   66414.0,   80556.0,   66339.0,   66542.0,   80571.0,   75489.0,   66323.0,   66343.0,   86398.0,   25250.0,   77718.0,   86955.0,   86955.0,   86955.0,   86955.0,   78450.0,   77717.0,   77715.0,   76163.0,   75895.0,   77948.0,   78189.0,   78200.0,   74632.0,   80484.0,   71773.0,   67926.0,  123218.0,  123218.0,   85739.0,  130560.0,   81600.0,  194565.0,   80580.0,   79305.0
   77688.0,  148513.0,   28080.0,   29952.0,       0.0,   84552.0,  161304.0,   12792.0,   77376.0,   86736.0,   72696.0,  118248.0,   96720.0,  143520.0,   86112.0,   45240.0,  158496.0,  159432.0,  155064.0,  149137.0,   98285.0,   64272.0,   72072.0,   88920.0,   85800.0,   87360.0,   67704.0,   78313.0,   84553.0,   85176.0,   85177.0,   86113.0,   93302.0,   80550.0,   92049.0,   98128.0,   80651.0,       0.0,  157889.0,   92065.0,   92065.0,  211201.0,  228620.0,   98124.0,   80700.0,   98112.0,  211211.0,   92065.0,   92065.0,   80705.0,   98043.0,   80615.0,   80883.0,   98047.0,   92065.0,   80600.0,   80623.0,  105107.0,   30794.0,   94744.0,  106051.0,  106051.0,  106051.0,  106051.0,   95641.0,   94743.0,   94741.0,   92853.0,   92527.0,   95028.0,   95325.0,   95338.0,   90986.0,   98126.0,   87508.0,   82819.0,  150266.0,  150266.0,  104558.0,  159232.0,   99520.0,  237293.0,   98276.0,   96721.0
  125745.0,  240381.0,   45450.0,   48480.0,       0.0,  136855.0,  261085.0,   20705.0,  125240.0,  140390.0,  117665.0,  191395.0,  156550.0,  232300.0,  139380.0,   73225.0,  256540.0,  258055.0,  250985.0,  241391.0,  159080.0,  104030.0,  116655.0,  143925.0,  138875.0,  141400.0,  109585.0,  126756.0,  136856.0,  137865.0,  137866.0,  139381.0,  151006.0,  129584.0,  148984.0,  157893.0,  129657.0,  157889.0,       0.0,  149193.0,  149193.0,  341916.0,  370098.0,  158070.0,  129913.0,  158061.0,  341909.0,  149193.0,  149193.0,  129939.0,  158022.0,  129847.0,  130306.0,  158016.0,  149193.0,  129837.0,  129846.0,  169648.0,   49901.0,  153388.0,  171864.0,  171864.0,  171864.0,  171864.0,  154862.0,  153387.0,  153386.0,  150334.0,  149822.0,  153862.0,  154355.0,  154368.0,  147312.0,  158888.0,  141712.0,  134135.0,  243483.0,  243483.0,  169395.0,  258048.0,  161280.0,  384552.0,  159264.0,  156744.0
   73706.0,  140896.0,   26641.0,   28417.0,       0.0,   80216.0,  153032.0,   12137.0,   73408.0,   82289.0,   68968.0,  112184.0,   91760.0,  136160.0,   81698.0,   42921.0,  150368.0,  151256.0,  147113.0,  141489.0,   93294.0,   60978.0,   68378.0,   84362.0,   81403.0,   82880.0,   64236.0,   74300.0,   80219.0,   80811.0,   80811.0,   81696.0,   88506.0,   75489.0,   88454.0,   92065.0,   75489.0,   92065.0,  149193.0,       0.0,   88454.0,  199715.0,  216235.0,   92049.0,   75529.0,   92049.0,  199715.0,   88454.0,   88454.0,   75529.0,   92049.0,   75529.0,   75824.0,   92049.0,   88443.0,   75529.0,   75529.0,   98834.0,   29205.0,   89688.0,  100595.0,  100595.0,  100595.0,  100595.0,   90575.0,   89688.0,   89689.0,   87919.0,   87624.0,   89984.0,   90279.0,   90279.0,   86149.0,   92934.0,   82899.0,   78474.0,  142491.0,  142491.0,   99126.0,  151040.0,   94400.0,  225086.0,   93220.0,   91746.0
   73706.0,  140896.0,   26641.0,   28417.0,       0.0,   80216.0,  153032.0,   12137.0,   73408.0,   82289.0,   68968.0,  112184.0,   91760.0,  136160.0,   81698.0,   42921.0,  150368.0,  151256.0,  147113.0,  141489.0,   93296.0,   60978.0,   68378.0,   84362.0,   81403.0,   82880.0,   64236.0,   74300.0,   80219.0,   80811.0,   80811.0,   81696.0,   88506.0,   75489.0,   88454.0,   92065.0,   75489.0,   92065.0,  149193.0,   88454.0,       0.0,  199715.0,  216235.0,   92049.0,   75529.0,   92049.0,  199715.0,   88454.0,   88454.0,   75529.0,   92049.0,   75529.0,   75824.0,   92049.0,   88443.0,   75529.0,   75529.0,   98834.0,   29205.0,   89688.0,  100595.0,  100595.0,  100595.0,  100595.0,   90575.0,   89688.0,   89689.0,   87919.0,   87624.0,   89984.0,   90279.0,   90279.0,   86149.0,   92934.0,   82899.0,   78474.0,  142491.0,  142491.0,   99126.0,  151040.0,   94400.0,  225086.0,   93220.0,   91746.0
  168573.0,  322253.0,   60930.0,   64992.0,       0.0,  183467.0,  350009.0,   27757.0,  167896.0,  188206.0,  157741.0,  256583.0,  209870.0,  311420.0,  186852.0,   98165.0,  343916.0,  345947.0,  336469.0,  323607.0,  213256.0,  139462.0,  156387.0,  192945.0,  186175.0,  189560.0,  146909.0,  169928.0,  183468.0,  184821.0,  184822.0,  186853.0,  202424.0,  173285.0,  199715.0,  211201.0,  173352.0,  211201.0,  341916.0,  199715.0,  199715.0,       0.0,  496184.0,  211582.0,  173782.0,  211567.0,  458383.0,  200096.0,  200096.0,  173767.0,  211523.0,  173714.0,  174357.0,  211546.0,  200096.0,  173722.0,  173726.0,  227106.0,   66929.0,  205610.0,  230516.0,  230516.0,  230516.0,  230516.0,  207619.0,  205609.0,  205608.0,  201538.0,  200857.0,  206263.0,  206941.0,  206940.0,  197491.0,  213019.0,  190010.0,  179864.0,  326535.0,  326535.0,  227163.0,  346112.0,  216320.0,  515788.0,  213616.0,  210236.0
