JQLU01000005.1,EDR99618.1,JQKK01000015.1,AUJT01000030.1,ATWC01000054.1,ACV39665.1,ERL25782.1,KB890278.1,ERK53440.1,ERK48421.1,ERK47820.1,KGL43917.1,CBH27300.1,EUJ40903.1,ADQ78341.1,ETE53770.1,CDC65743.1,LARF01000048.1,ACOK01000100.1,JTLD01000029.1,GAE20957.1,EKB54193.1,AEK23281.1,KN549099.1,KIX21336.1,CCB70204.1,AMA48551.1,AEW86266.1,EHO06562.1,EHO08761.1,EKB06014.1,ADQ80738.1,KGE88582.1,KGL55352.1,ALJ25681.1,ALJ26029.1,ALO30226.1,ALA94104.1,GAP82240.1,ERJ81987.1,ERJ65637.1,ERJ65503.1,ERJ64231.1,AIJ36392.1,EOA10535.1,BAK25606.1,ERJ88434.1,ERJ87335.1,EIW94777.1,AAQ65551.1,KGN88274.1,KKC50278.1,KGN87312.1,KGN85385.1,KGN76020.1,KGO05347.1,KGL48767.1,KB899147.1,JHUW01000010.1,EJP27887.1,KIP58075.1,KIP63359.1,KIP62088.1,KIP58950.1,BAKF01000019.1,EFU31981.1,JVYU01002440.1,BAJY01000004.1,AFJ07523.1,KE392225.1,KJJ86756.1,EGQ18444.1,ERJ98772.1,BAJN01000005.1,EKY00089.1,BAKN01000001.1,AKP71851.1,AGC41344.1,AKQ40303.1,JTLI01000096.1,KDE72144.1,EHO19081.1,EIJ68860.1,JHXW01000011.1
       0.0,  115885.0,   21315.0,   22786.0,       0.0,   65662.0,  125931.0,    9311.0,   60025.0,   67376.0,   56351.0,   92122.0,   75218.0,  111967.0,   66885.0,   34790.0,  123725.0,  124460.0,  121030.0,  116375.0,   76440.0,   49735.0,   55860.0,   69090.0,   66641.0,   67865.0,   52430.0,   60760.0,   65661.0,   66150.0,   66150.0,   66885.0,   72520.0,   61740.0,   71541.0,   75460.0,   61740.0,   75460.0,  122745.0,   71541.0,   71541.0,  164885.0,  178605.0,   75460.0,   61740.0,   75460.0,  164885.0,   71541.0,   71541.0,   61740.0,   75460.0,   61740.0,   61985.0,   75460.0,   71541.0,   61740.0,   61740.0,   81095.0,   23275.0,   73501.0,   82565.0,   82565.0,   82565.0,   82565.0,   74235.0,   73501.0,   73501.0,   72030.0,   71785.0,   73745.0,   73990.0,   73990.0,   70561.0,   76196.0,   67866.0,   64190.0,  117355.0,  117355.0,   81340.0,  124460.0,   77420.0,  185956.0,   76440.0,   75216.0
  115885.0,       0.0,   41064.0,   43896.0,       0.0,  126496.0,  242608.0,   17936.0,  115640.0,  129800.0,  108561.0,  177472.0,  144905.0,  215704.0,  128858.0,   67024.0,  238391.0,  239806.0,  233189.0,  224201.0,  147267.0,   95817.0,  107617.0,  133104.0,  128385.0,  130746.0,  101008.0,  117057.0,  126496.0,  127440.0,  127440.0,  128857.0,  139713.0,  118945.0,  137824.0,  145377.0,  118945.0,  145377.0,  236473.0,  137824.0,  137824.0,  317657.0,  344089.0,  145377.0,  118945.0,  145377.0,  317657.0,  137824.0,  137824.0,  118945.0,  145377.0,  118945.0,  119417.0,  145377.0,  137824.0,  118945.0,  118945.0,  156232.0,   44841.0,  141601.0,  159065.0,  159065.0,  159065.0,  159065.0,  143017.0,  141601.0,  141601.0,  138769.0,  138297.0,  142073.0,  142545.0,  142545.0,  135936.0,  146792.0,  130744.0,  123664.0,  226089.0,  226089.0,  156705.0,  239776.0,  149153.0,  358248.0,  147265.0,  144904.0
   21315.0,   41064.0,       0.0,    8012.0,      25.0,   23048.0,   44204.0,    3268.0,   21070.0,   23650.0,   19780.0,   32336.0,   26402.0,   39302.0,   23478.0,   12213.0,   43430.0,   43688.0,   42485.0,   40850.0,   26832.0,   17458.0,   19608.0,   24252.0,   23392.0,   23822.0,   18404.0,   21328.0,   23048.0,   23220.0,   23220.0,   23478.0,   25456.0,   21672.0,   25113.0,   26488.0,   21672.0,   26488.0,   43086.0,   25113.0,   25113.0,   57878.0,   62694.0,   26488.0,   21672.0,   26488.0,   57878.0,   25113.0,   25113.0,   21672.0,   26488.0,   21672.0,   21758.0,   26488.0,   25113.0,   21672.0,   21672.0,   28466.0,    8170.0,   25800.0,   28982.0,   28982.0,   28982.0,   28982.0,   26058.0,   25800.0,   25800.0,   25284.0,   25198.0,   25886.0,   25972.0,   25972.0,   24768.0,   26746.0,   23822.0,   22534.0,   41194.0,   41194.0,   28552.0,   43688.0,   27176.0,   65276.0,   26832.0,   26402.0
   22786.0,   43896.0,    8012.0,       0.0,       2.0,   24656.0,   47288.0,    3497.0,   22540.0,   25301.0,   21160.0,   34592.0,   28244.0,   42044.0,   25116.0,   13064.0,   46460.0,   46737.0,   45449.0,   43700.0,   28704.0,   18676.0,   20976.0,   25944.0,   25026.0,   25484.0,   19688.0,   22816.0,   24656.0,   24840.0,   24840.0,   25116.0,   27232.0,   23184.0,   26865.0,   28336.0,   23184.0,   28336.0,   46092.0,   26865.0,   26865.0,   61916.0,   67068.0,   28336.0,   23184.0,   28336.0,   61916.0,   26865.0,   26865.0,   23184.0,   28336.0,   23184.0,   23276.0,   28336.0,   26865.0,   23184.0,   23184.0,   30453.0,    8741.0,   27600.0,   31004.0,   31004.0,   31004.0,   31004.0,   27876.0,   27600.0,   27600.0,   27048.0,   26956.0,   27692.0,   27784.0,   27784.0,   26496.0,   28613.0,   25484.0,   24104.0,   44068.0,   44068.0,   30544.0,   46736.0,   29072.0,   69829.0,   28704.0,   28245.0
       0.0,       0.0,      25.0,       2.0,       0.0,       0.0,       0.0,       0.0,       0.0,       0.0,       0.0,       0.0,       0.0,       0.0,       0.0,       0.0,       0.0,       0.0,       0.0,       0.0,       0.0,       0.0,       0.0,       0.0,       0.0,       0.0,       0.0,       0.0,       0.0,       0.0,       0.0,       0.0,       0.0,       0.0,       0.0,       0.0,       0.0,       0.0,       0.0,       0.0,       0.0,       0.0,       0.0,       0.0,       0.0,       0.0,       0.0,       0.0,       0.0,       0.0,       0.0,       0.0,       0.0,       0.0,       0.0,       0.0,       0.0,       0.0,       0.0,       0.0,       0.0,       0.0,       0.0,       0.0,       0.0,       0.0,       0.0,       0.0,       0.0,       0.0,       0.0,       0.0,       0.0,       0.0,       0.0,       0.0,       0.0,       0.0,       0.0,       0.0,       0.0,       0.0,       0.0,       0.0
   65662.0,  126496.0,   23048.0,   24656.0,       0.0,       0.0,  137797.0,   10146.0,   65417.0,   74024.0,   61444.0,  100394.0,   81973.0,  122021.0,   72892.0,   37914.0,  134836.0,  135636.0,  131898.0,  126825.0,   83304.0,   54201.0,   60876.0,   75294.0,   72624.0,   73959.0,   57138.0,   66216.0,   71557.0,   72090.0,   72090.0,   72891.0,   79032.0,   67284.0,   77964.0,   82236.0,   67284.0,   82236.0,  133767.0,   77964.0,   77964.0,  179691.0,  194643.0,   82236.0,   67284.0,   82236.0,  179691.0,   77964.0,   77964.0,   67284.0,   82236.0,   67284.0,   67551.0,   82236.0,   77964.0,   67284.0,   67284.0,   88377.0,   25365.0,   80101.0,   89979.0,   89979.0,   89979.0,   89979.0,   80902.0,   80101.0,   80101.0,   78498.0,   78232.0,   80368.0,   80635.0,   80635.0,   76897.0,   83038.0,   73960.0,   69954.0,  127893.0,  127893.0,   88644.0,  135636.0,   84372.0,  202653.0,   83304.0,   81969.0
  125931.0,  242608.0,   44204.0,   47288.0,       0.0,  137797.0,       0.0,   19494.0,  125687.0,  141470.0,  118020.0,  192889.0,  157491.0,  234442.0,  140049.0,   72846.0,  259066.0,  260604.0,  253422.0,  243675.0,  160056.0,  104139.0,  116964.0,  144666.0,  139536.0,  142101.0,  109782.0,  127224.0,  137485.0,  138510.0,  138510.0,  140049.0,  151848.0,  129276.0,  149796.0,  158004.0,  129276.0,  158004.0,  257013.0,  149796.0,  149796.0,  345249.0,  373977.0,  158004.0,  129276.0,  158004.0,  345249.0,  149796.0,  149796.0,  129276.0,  158004.0,  129276.0,  129789.0,  158004.0,  149796.0,  129276.0,  129276.0,  169803.0,   48735.0,  153901.0,  172881.0,  172881.0,  172881.0,  172881.0,  155440.0,  153901.0,  153901.0,  150822.0,  150310.0,  154414.0,  154927.0,  154927.0,  147745.0,  159544.0,  142102.0,  134406.0,  245727.0,  245727.0,  170316.0,  260604.0,  162108.0,  389367.0,  160056.0,  157491.0
    9311.0,   17936.0,    3268.0,    3497.0,       0.0,   10146.0,   19494.0,       0.0,    9065.0,   10176.0,    8510.0,   13912.0,   11359.0,   16909.0,   10101.0,    5254.0,   18685.0,   18796.0,   18278.0,   17575.0,   11544.0,    7511.0,    8436.0,   10434.0,   10065.0,   10249.0,    7918.0,    9176.0,    9916.0,    9991.0,    9990.0,   10101.0,   10952.0,    9324.0,   10805.0,   11396.0,    9324.0,   11396.0,   18537.0,   10805.0,   10805.0,   24901.0,   26973.0,   11396.0,    9324.0,   11396.0,   24901.0,   10805.0,   10805.0,    9324.0,   11396.0,    9324.0,    9361.0,   11396.0,   10805.0,    9324.0,    9324.0,   12247.0,    3515.0,   11100.0,   12469.0,   12469.0,   12469.0,   12469.0,   11211.0,   11100.0,   11100.0,   10878.0,   10841.0,   11137.0,   11174.0,   11174.0,   10656.0,   11507.0,   10250.0,    9694.0,   17723.0,   17723.0,   12284.0,   18796.0,   11692.0,   28084.0,   11544.0,   11361.0
   60025.0,  115640.0,   21070.0,   22540.0,       0.0,   65417.0,  125687.0,    9065.0,       0.0,   67101.0,   56121.0,   91745.0,   74908.0,  111509.0,   66612.0,   34648.0,  123221.0,  123952.0,  120536.0,  115901.0,   76128.0,   49532.0,   55632.0,   68808.0,   66368.0,   67588.0,   52216.0,   60512.0,   65392.0,   65881.0,   65881.0,   66612.0,   72224.0,   61488.0,   71248.0,   75152.0,   61488.0,   75152.0,  122244.0,   71248.0,   71248.0,  164212.0,  177876.0,   75152.0,   61488.0,   75152.0,  164212.0,   71248.0,   71248.0,   61488.0,   75152.0,   61488.0,   61732.0,   75152.0,   71248.0,   61488.0,   61488.0,   80764.0,   23180.0,   73200.0,   82228.0,   82228.0,   82228.0,   82228.0,   73933.0,   73200.0,   73200.0,   71736.0,   71493.0,   73445.0,   73689.0,   73689.0,   70272.0,   75884.0,   67588.0,   63928.0,  116876.0,  116876.0,   81008.0,  123952.0,   77104.0,  185196.0,   76128.0,   74908.0
   67376.0,  129800.0,   23650.0,   25301.0,       0.0,   74024.0,  141470.0,   10176.0,   67101.0,       0.0,   63048.0,  103026.0,   84118.0,  125220.0,   74802.0,   38908.0,  138371.0,  139192.0,  135356.0,  130150.0,   85488.0,   55622.0,   62472.0,   77268.0,   74529.0,   75898.0,   58636.0,   67952.0,   73432.0,   73980.0,   73980.0,   74802.0,   81104.0,   69048.0,   80009.0,   84392.0,   69048.0,   84392.0,  137274.0,   80009.0,   80009.0,  184402.0,  199746.0,   84392.0,   69048.0,   84392.0,  184402.0,   80009.0,   80009.0,   69048.0,   84392.0,   69048.0,   69322.0,   84392.0,   80009.0,   69048.0,   69048.0,   90694.0,   26030.0,   82200.0,   92338.0,   92338.0,   92338.0,   92338.0,   83023.0,   82200.0,   82200.0,   80556.0,   80283.0,   82475.0,   82749.0,   82749.0,   78912.0,   85214.0,   75898.0,   71788.0,  131246.0,  131246.0,   90968.0,  139192.0,   86584.0,  207967.0,   85488.0,   84119.0
   56351.0,  108561.0,   19780.0,   21160.0,       0.0,   61444.0,  118020.0,    8510.0,   56121.0,   63048.0,       0.0,   86106.0,   70305.0,  104655.0,   62521.0,   32518.0,  115646.0,  116333.0,  113126.0,  108776.0,   71449.0,   46488.0,   52213.0,   64578.0,   62289.0,   63437.0,   49006.0,   56792.0,   61372.0,   61831.0,   61831.0,   62518.0,   67784.0,   57708.0,   66868.0,   70532.0,   57708.0,   70532.0,  114729.0,   66868.0,   66868.0,  154117.0,  166941.0,   70532.0,   57708.0,   70532.0,  154117.0,   66868.0,   66868.0,   57708.0,   70532.0,   57708.0,   57937.0,   70532.0,   66868.0,   57708.0,   57708.0,   75799.0,   21756.0,   68701.0,   77174.0,   77174.0,   77174.0,   77174.0,   69388.0,   68701.0,   68701.0,   67327.0,   67098.0,   68930.0,   69159.0,   69159.0,   65952.0,   71219.0,   63433.0,   59998.0,  109691.0,  109691.0,   76028.0,  116332.0,   72365.0,  173811.0,   71449.0,   70303.0
   92122.0,  177472.0,   32336.0,   34592.0,       0.0,  100394.0,  192889.0,   13912.0,   91745.0,  103026.0,   86106.0,       0.0,  115136.0,  172289.0,  102377.0,   53250.0,  189376.0,  190500.0,  185250.0,  178125.0,  117000.0,   76125.0,   85500.0,  105751.0,  102000.0,  103875.0,   80250.0,   93000.0,  100500.0,  101250.0,  101250.0,  102375.0,  111000.0,   94500.0,  109500.0,  115500.0,   94500.0,  115500.0,  187875.0,  109500.0,  109500.0,  252375.0,  273375.0,  115500.0,   94500.0,  115500.0,  252375.0,  109500.0,  109500.0,   94500.0,  115500.0,   94500.0,   94875.0,  115500.0,  109500.0,   94500.0,   94500.0,  124125.0,   35625.0,  112500.0,  126376.0,  126376.0,  126376.0,  126376.0,  113626.0,  112500.0,  112500.0,  110250.0,  109876.0,  112876.0,  113251.0,  113251.0,  108000.0,  116625.0,  103875.0,   98250.0,  179625.0,  179625.0,  124500.0,  190500.0,  118500.0,  284625.0,  117000.0,  115125.0
   75218.0,  144905.0,   26402.0,   28244.0,       0.0,   81973.0,  157491.0,   11359.0,   74908.0,   84118.0,   70305.0,  115136.0,       0.0,  139852.0,   83544.0,   43452.0,  154533.0,  155449.0,  151164.0,  145350.0,   95473.0,   62119.0,   69769.0,   86293.0,   83233.0,   84764.0,   65484.0,   75888.0,   82008.0,   82620.0,   82620.0,   83539.0,   90576.0,   77112.0,   89352.0,   94248.0,   77112.0,   94248.0,  153306.0,   89352.0,   89352.0,  205938.0,  223074.0,   94248.0,   77112.0,   94248.0,  205938.0,   89352.0,   89352.0,   77112.0,   94248.0,   77112.0,   77418.0,   94248.0,   89352.0,   77112.0,   77112.0,  101286.0,   29071.0,   91801.0,  103124.0,  103124.0,  103124.0,  103124.0,   92719.0,   91801.0,   91801.0,   89965.0,   89659.0,   92107.0,   92413.0,   92413.0,   88128.0,   95166.0,   84762.0,   80172.0,  146574.0,  146574.0,  101592.0,  155448.0,   96697.0,  232254.0,   95473.0,   93942.0
  111967.0,  215704.0,   39302.0,   42044.0,       0.0,  122021.0,  234442.0,   16909.0,  111509.0,  125220.0,  104655.0,  172289.0,  139852.0,       0.0,  124490.0,   64753.0,  230281.0,  231648.0,  225264.0,  216600.0,  142272.0,   92569.0,  103969.0,  128593.0,  124032.0,  126312.0,   97586.0,  113088.0,  122208.0,  123120.0,  123120.0,  124488.0,  134976.0,  114912.0,  133152.0,  140448.0,  114912.0,  140448.0,  228456.0,  133152.0,  133152.0,  306888.0,  332424.0,  140448.0,  114912.0,  140448.0,  306888.0,  133152.0,  133152.0,  114912.0,  140448.0,  114912.0,  115368.0,  140448.0,  133152.0,  114912.0,  114912.0,  150936.0,   43320.0,  136800.0,  153672.0,  153672.0,  153672.0,  153672.0,  138169.0,  136800.0,  136800.0,  134064.0,  133609.0,  137257.0,  137713.0,  137713.0,  131328.0,  141816.0,  126312.0,  119472.0,  218425.0,  218425.0,  151393.0,  231648.0,  144096.0,  346104.0,  142272.0,  139992.0
   66885.0,  128858.0,   23478.0,   25116.0,       0.0,   72892.0,  140049.0,   10101.0,   66612.0,   74802.0,   62521.0,  102377.0,   83544.0,  124490.0,       0.0,   38624.0,  137362.0,  138178.0,  134368.0,  129200.0,   84866.0,   55218.0,   62018.0,   76704.0,   73986.0,   75349.0,   58208.0,   67456.0,   72896.0,   73440.0,   73440.0,   74258.0,   80512.0,   68544.0,   79424.0,   83776.0,   68544.0,   83776.0,  136272.0,   79424.0,   79424.0,  183056.0,  198288.0,   83776.0,   68544.0,   83776.0,  183056.0,   79424.0,   79424.0,   68544.0,   83776.0,   68544.0,   68816.0,   83776.0,   79424.0,   68544.0,   68544.0,   90032.0,   25842.0,   81602.0,   91667.0,   91667.0,   91667.0,   91667.0,   82418.0,   81602.0,   81602.0,   79970.0,   79698.0,   81874.0,   82146.0,   82146.0,   78336.0,   84592.0,   75344.0,   71264.0,  130288.0,  130288.0,   90304.0,  138176.0,   85954.0,  206448.0,   84866.0,   83504.0
   34790.0,   67024.0,   12213.0,   13064.0,       0.0,   37914.0,   72846.0,    5254.0,   34648.0,   38908.0,   32518.0,   53250.0,   43452.0,   64753.0,   38624.0,       0.0,   71205.0,   71628.0,   69655.0,   66975.0,   43992.0,   28624.0,   32149.0,   39763.0,   38352.0,   39057.0,   30175.0,   34968.0,   37788.0,   38070.0,   38070.0,   38493.0,   41736.0,   35532.0,   41173.0,   43428.0,   35532.0,   43428.0,   70641.0,   41173.0,   41173.0,   94893.0,  102789.0,   43428.0,   35532.0,   43428.0,   94893.0,   41173.0,   41173.0,   35532.0,   43428.0,   35532.0,   35673.0,   43428.0,   41173.0,   35532.0,   35532.0,   46671.0,   13395.0,   42300.0,   47517.0,   47517.0,   47517.0,   47517.0,   42723.0,   42300.0,   42300.0,   41454.0,   41313.0,   42441.0,   42582.0,   42582.0,   40608.0,   43851.0,   39057.0,   36943.0,   67540.0,   67540.0,   46813.0,   71628.0,   44556.0,  107019.0,   43992.0,   43287.0
  123725.0,  238391.0,   43430.0,   46460.0,       0.0,  134836.0,  259066.0,   18685.0,  123221.0,  138371.0,  115646.0,  189376.0,  154533.0,  230281.0,  137362.0,   71205.0,       0.0,  256830.0,  249016.0,  239400.0,  157249.0,  102313.0,  114913.0,  142128.0,  137089.0,  139610.0,  107856.0,  124992.0,  135072.0,  136080.0,  136080.0,  137593.0,  149184.0,  127008.0,  147168.0,  155232.0,  127008.0,  155232.0,  252504.0,  147168.0,  147168.0,  339192.0,  367416.0,  155232.0,  127008.0,  155232.0,  339192.0,  147168.0,  147168.0,  127008.0,  155232.0,  127008.0,  127512.0,  155232.0,  147168.0,  127008.0,  127008.0,  166824.0,   47881.0,  151201.0,  169849.0,  169849.0,  169849.0,  169849.0,  152714.0,  151201.0,  151201.0,  148177.0,  147674.0,  151706.0,  152210.0,  152210.0,  145152.0,  156744.0,  139608.0,  132048.0,  241416.0,  241416.0,  167328.0,  256032.0,  159265.0,  382536.0,  157249.0,  154728.0
  124460.0,  239806.0,   43688.0,   46737.0,       0.0,  135636.0,  260604.0,   18796.0,  123952.0,  139192.0,  116333.0,  190500.0,  155449.0,  231648.0,  138178.0,   71628.0,  256830.0,       0.0,  250498.0,  240825.0,  158185.0,  102922.0,  115597.0,  142974.0,  137905.0,  140441.0,  108498.0,  125736.0,  135876.0,  136890.0,  136890.0,  138412.0,  150072.0,  127764.0,  148044.0,  156156.0,  127764.0,  156156.0,  254007.0,  148044.0,  148044.0,  341211.0,  369603.0,  156156.0,  127764.0,  156156.0,  341211.0,  148044.0,  148044.0,  127764.0,  156156.0,  127764.0,  128271.0,  156156.0,  148044.0,  127764.0,  127764.0,  167818.0,   48167.0,  152101.0,  170860.0,  170860.0,  170860.0,  170860.0,  153622.0,  152101.0,  152101.0,  149059.0,  148552.0,  152608.0,  153115.0,  153115.0,  146016.0,  157678.0,  140439.0,  132834.0,  242853.0,  242853.0,  168324.0,  257556.0,  160213.0,  384813.0,  158185.0,  155649.0
  121030.0,  233189.0,   42485.0,   45449.0,       0.0,  131898.0,  253422.0,   18278.0,  120536.0,  135356.0,  113126.0,  185250.0,  151164.0,  225264.0,  134368.0,   69655.0,  249016.0,  250498.0,       0.0,  234175.0,  153816.0,  100079.0,  112404.0,  139026.0,  134096.0,  136561.0,  105502.0,  122264.0,  132124.0,  133110.0,  133110.0,  134589.0,  145928.0,  124236.0,  143957.0,  151844.0,  124236.0,  151844.0,  246993.0,  143957.0,  143957.0,  331789.0,  359397.0,  151844.0,  124236.0,  151844.0,  331789.0,  143957.0,  143957.0,  124236.0,  151844.0,  124236.0,  124729.0,  151844.0,  143957.0,  124236.0,  124236.0,  163184.0,   46836.0,  147900.0,  166141.0,  166141.0,  166141.0,  166141.0,  149379.0,  147900.0,  147900.0,  144942.0,  144449.0,  148393.0,  148886.0,  148886.0,  141984.0,  153324.0,  136561.0,  129167.0,  236147.0,  236147.0,  163676.0,  250444.0,  155788.0,  374187.0,  153816.0,  151351.0
  116375.0,  224201.0,   40850.0,   43700.0,       0.0,  126825.0,  243675.0,   17575.0,  115901.0,  130150.0,  108776.0,  178125.0,  145350.0,  216600.0,  129200.0,   66975.0,  239400.0,  240825.0,  234175.0,       0.0,  147889.0,   96222.0,  108072.0,  133668.0,  128928.0,  131298.0,  101436.0,  117553.0,  127032.0,  127981.0,  127981.0,  129402.0,  140305.0,  119449.0,  138408.0,  145993.0,  119449.0,  145993.0,  237475.0,  138408.0,  138408.0,  319003.0,  345547.0,  145993.0,  119449.0,  145993.0,  319003.0,  138408.0,  138408.0,  119449.0,  145993.0,  119449.0,  119923.0,  145993.0,  138408.0,  119449.0,  119449.0,  156894.0,   45030.0,  142200.0,  159738.0,  159738.0,  159738.0,  159738.0,  143622.0,  142200.0,  142200.0,  139356.0,  138882.0,  142674.0,  143148.0,  143148.0,  136512.0,  147414.0,  131298.0,  124188.0,  227048.0,  227048.0,  157370.0,  240792.0,  149784.0,  359766.0,  147888.0,  145518.0
   76440.0,  147267.0,   26832.0,   28704.0,       0.0,   83304.0,  160056.0,   11544.0,   76128.0,   85488.0,   71449.0,  117000.0,   95473.0,  142272.0,   84866.0,   43992.0,  157249.0,  158185.0,  153816.0,  147889.0,       0.0,   63134.0,   70909.0,   87702.0,   84593.0,   86149.0,   66554.0,   77129.0,   83348.0,   83970.0,   83970.0,   84904.0,   92057.0,   78373.0,   90822.0,   95789.0,   78373.0,   95789.0,  155812.0,   90822.0,   90822.0,  209304.0,  226720.0,   95789.0,   78373.0,   95789.0,  209304.0,   90822.0,   90822.0,   78373.0,   95789.0,   78373.0,   78684.0,   95789.0,   90822.0,   78373.0,   78373.0,  102941.0,   29546.0,   93301.0,  104808.0,  104808.0,  104808.0,  104808.0,   94234.0,   93301.0,   93301.0,   91435.0,   91124.0,   93612.0,   93923.0,   93923.0,   89568.0,   96721.0,   86147.0,   81482.0,  148970.0,  148970.0,  103253.0,  157988.0,   98277.0,  236049.0,   97033.0,   95477.0
   49735.0,   95817.0,   17458.0,   18676.0,       0.0,   54201.0,  104139.0,    7511.0,   49532.0,   55622.0,   46488.0,   76125.0,   62119.0,   92569.0,   55218.0,   28624.0,  102313.0,  102922.0,  100079.0,   96222.0,   63134.0,       0.0,   46265.0,   56987.0,   54959.0,   55956.0,   43233.0,   50100.0,   54169.0,   54573.0,   54573.0,   55147.0,   59792.0,   50904.0,   58984.0,   62216.0,   50904.0,   62216.0,  101202.0,   58984.0,   58984.0,  135946.0,  147258.0,   62216.0,   50904.0,   62216.0,  135946.0,   58984.0,   58984.0,   50904.0,   62216.0,   50904.0,   51106.0,   62216.0,   58984.0,   50904.0,   50904.0,   66862.0,   19191.0,   60601.0,   68075.0,   68075.0,   68075.0,   68075.0,   61207.0,   60601.0,   60601.0,   59389.0,   59187.0,   60803.0,   61005.0,   61005.0,   58176.0,   62822.0,   55954.0,   52924.0,   96759.0,   96759.0,   67065.0,  102616.0,   63833.0,  153318.0,   63025.0,   62014.0
   55860.0,  107617.0,   19608.0,   20976.0,       0.0,   60876.0,  116964.0,    8436.0,   55632.0,   62472.0,   52213.0,   85500.0,   69769.0,  103969.0,   62018.0,   32149.0,  114913.0,  115597.0,  112404.0,  108072.0,   70909.0,   46265.0,       0.0,   64038.0,   61760.0,   62881.0,   48583.0,   56300.0,   60881.0,   61334.0,   61335.0,   61972.0,   67192.0,   57204.0,   66284.0,   69916.0,   57204.0,   69916.0,  113727.0,   66284.0,   66284.0,  152771.0,  165483.0,   69916.0,   57204.0,   69916.0,  152771.0,   66284.0,   66284.0,   57204.0,   69916.0,   57204.0,   57431.0,   69916.0,   66284.0,   57204.0,   57204.0,   75137.0,   21566.0,   68101.0,   76500.0,   76500.0,   76500.0,   76500.0,   68782.0,   68101.0,   68101.0,   66739.0,   66512.0,   68328.0,   68555.0,   68555.0,   65376.0,   70597.0,   62879.0,   59474.0,  108734.0,  108734.0,   75365.0,  115316.0,   71733.0,  172293.0,   70825.0,   69689.0
   69090.0,  133104.0,   24252.0,   25944.0,       0.0,   75294.0,  144666.0,   10434.0,   68808.0,   77268.0,   64578.0,  105751.0,   86293.0,  128593.0,   76704.0,   39763.0,  142128.0,  142974.0,  139026.0,  133668.0,   87702.0,   56987.0,   64038.0,       0.0,   76447.0,   77837.0,   60146.0,   69699.0,   75321.0,   75883.0,   75883.0,   76713.0,   83176.0,   70812.0,   82052.0,   86548.0,   70812.0,   86548.0,  140781.0,   82052.0,   82052.0,  189113.0,  204849.0,   86548.0,   70812.0,   86548.0,  189113.0,   82052.0,   82052.0,   70812.0,   86548.0,   70812.0,   71093.0,   86548.0,   82052.0,   70812.0,   70812.0,   93011.0,   26695.0,   84300.0,   94698.0,   94698.0,   94698.0,   94698.0,   85143.0,   84300.0,   84300.0,   82614.0,   82333.0,   84581.0,   84862.0,   84862.0,   80928.0,   87391.0,   77837.0,   73622.0,  134600.0,  134600.0,   93293.0,  142748.0,   88796.0,  213279.0,   87672.0,   86267.0
   66641.0,  128385.0,   23392.0,   25026.0,       0.0,   72624.0,  139536.0,   10065.0,   66368.0,   74529.0,   62289.0,  102000.0,   83233.0,  124032.0,   73986.0,   38352.0,  137089.0,  137905.0,  134096.0,  128928.0,   84593.0,   54959.0,   61760.0,   76447.0,       0.0,   75070.0,   58001.0,   67215.0,   72635.0,   73177.0,   73177.0,   73984.0,   80216.0,   68292.0,   79133.0,   83468.0,   68292.0,   83468.0,  135771.0,   79133.0,   79133.0,  182383.0,  197559.0,   83468.0,   68292.0,   83468.0,  182383.0,   79133.0,   79133.0,   68292.0,   83468.0,   68292.0,   68563.0,   83468.0,   79133.0,   68292.0,   68292.0,   89701.0,   25746.0,   81301.0,   91328.0,   91328.0,   91328.0,   91328.0,   82114.0,   81301.0,   81301.0,   79675.0,   79404.0,   81572.0,   81843.0,   81843.0,   78048.0,   84281.0,   75067.0,   71002.0,  129809.0,  129809.0,   89972.0,  137668.0,   85637.0,  205690.0,   84553.0,   83198.0
   67865.0,  130746.0,   23822.0,   25484.0,       0.0,   73959.0,  142101.0,   10249.0,   67588.0,   75898.0,   63437.0,  103875.0,   84764.0,  126312.0,   75349.0,   39057.0,  139610.0,  140441.0,  136561.0,  131298.0,   86149.0,   55956.0,   62881.0,   77837.0,   75070.0,       0.0,   59064.0,   68448.0,   73968.0,   74520.0,   74520.0,   75365.0,   81696.0,   69552.0,   80592.0,   85008.0,   69552.0,   85008.0,  138276.0,   80592.0,   80592.0,  185748.0,  201204.0,   85008.0,   69552.0,   85008.0,  185748.0,   80592.0,   80592.0,   69552.0,   85008.0,   69552.0,   69828.0,   85008.0,   80592.0,   69552.0,   69552.0,   91356.0,   26222.0,   82802.0,   93014.0,   93014.0,   93014.0,   93014.0,   83630.0,   82802.0,   82802.0,   81146.0,   80870.0,   83078.0,   83354.0,   83354.0,   79488.0,   85836.0,   76452.0,   72312.0,  132204.0,  132204.0,   91632.0,  140208.0,   87218.0,  209484.0,   86114.0,   84732.0
   52430.0,  101008.0,   18404.0,   19688.0,       0.0,   57138.0,  109782.0,    7918.0,   52216.0,   58636.0,   49006.0,   80250.0,   65484.0,   97586.0,   58208.0,   30175.0,  107856.0,  108498.0,  105502.0,  101436.0,   66554.0,   43233.0,   48583.0,   60146.0,   58001.0,   59064.0,       0.0,   53861.0,   57084.0,   57510.0,   57510.0,   58149.0,   63048.0,   53676.0,   62196.0,   65604.0,   53676.0,   65604.0,  106713.0,   62196.0,   62196.0,  143349.0,  155277.0,   65605.0,   53676.0,   65604.0,  143349.0,   62196.0,   62196.0,   53676.0,   65604.0,   53677.0,   53889.0,   65604.0,   62196.0,   53676.0,   53676.0,   70503.0,   20235.0,   63900.0,   71781.0,   71781.0,   71781.0,   71781.0,   64539.0,   63900.0,   63900.0,   62622.0,   62409.0,   64113.0,   64326.0,   64326.0,   61344.0,   66243.0,   59001.0,   55806.0,  102028.0,  102028.0,   70717.0,  108204.0,   67308.0,  161667.0,   66456.0,   65391.0
   60760.0,  117057.0,   21328.0,   22816.0,       0.0,   66216.0,  127224.0,    9176.0,   60512.0,   67952.0,   56792.0,   93000.0,   75888.0,  113088.0,   67456.0,   34968.0,  124992.0,  125736.0,  122264.0,  117553.0,   77129.0,   50100.0,   56300.0,   69699.0,   67215.0,   68448.0,   53861.0,       0.0,   66196.0,   66690.0,   66690.0,   67431.0,   73113.0,   62245.0,   72124.0,   76077.0,   62245.0,   76077.0,  123748.0,   72124.0,   72124.0,  166232.0,  180064.0,   76078.0,   62245.0,   76077.0,  166232.0,   72124.0,   72124.0,   62245.0,   76077.0,   62246.0,   62492.0,   76077.0,   72124.0,   62245.0,   62245.0,   81757.0,   23465.0,   74100.0,   83239.0,   83239.0,   83239.0,   83239.0,   74841.0,   74100.0,   74100.0,   72618.0,   72371.0,   74347.0,   74594.0,   74594.0,   71136.0,   76817.0,   68419.0,   64714.0,  118314.0,  118314.0,   82005.0,  125476.0,   78052.0,  187473.0,   77064.0,   75829.0
   65661.0,  126496.0,   23048.0,   24656.0,       0.0,   71557.0,  137485.0,    9916.0,   65392.0,   73432.0,   61372.0,  100500.0,   82008.0,  122208.0,   72896.0,   37788.0,  135072.0,  135876.0,  132124.0,  127032.0,   83348.0,   54169.0,   60881.0,   75321.0,   72635.0,   73968.0,   57084.0,   66196.0,       0.0,   73187.0,   73178.0,   72892.0,   79032.0,   67285.0,   77964.0,   82237.0,   67285.0,   82237.0,  133768.0,   77964.0,   77964.0,  179692.0,  194644.0,   82236.0,   67285.0,   82237.0,  179692.0,   77964.0,   77964.0,   67285.0,   82237.0,   67284.0,   67552.0,   82237.0,   77964.0,   67285.0,   67285.0,   88378.0,   25365.0,   80101.0,   89979.0,   89979.0,   89979.0,   89979.0,   80901.0,   80101.0,   80101.0,   78498.0,   78231.0,   80367.0,   80634.0,   80634.0,   76897.0,   83038.0,   73960.0,   69954.0,  127893.0,  127893.0,   88644.0,  135636.0,   84372.0,  202653.0,   83304.0,   81969.0
   66150.0,  127440.0,   23220.0,   24840.0,       0.0,   72090.0,  138510.0,    9991.0,   65881.0,   73980.0,   61831.0,  101250.0,   82620.0,  123120.0,   73440.0,   38070.0,  136080.0,  136890.0,  133110.0,  127981.0,   83970.0,   54573.0,   61334.0,   75883.0,   73177.0,   74520.0,   57510.0,   66690.0,   73187.0,       0.0,   73709.0,   73437.0,   79624.0,   67788.0,   78548.0,   82852.0,   67788.0,   82852.0,  134769.0,   78548.0,   78548.0,  181037.0,  196101.0,   82852.0,   67788.0,   82852.0,  181037.0,   78548.0,   78548.0,   67788.0,   82852.0,   67788.0,   68057.0,   82852.0,   78548.0,   67788.0,   67788.0,   89039.0,   25555.0,   80700.0,   90653.0,   90653.0,   90653.0,   90653.0,   81507.0,   80700.0,   80700.0,   79086.0,   78817.0,   80969.0,   81238.0,   81238.0,   77472.0,   83659.0,   74514.0,   70478.0,  128851.0,  128851.0,   89308.0,  136652.0,   85004.0,  204171.0,   83928.0,   82584.0
   66150.0,  127440.0,   23220.0,   24840.0,       0.0,   72090.0,  138510.0,    9990.0,   65881.0,   73980.0,   61831.0,  101250.0,   82620.0,  123120.0,   73440.0,   38070.0,  136080.0,  136890.0,  133110.0,  127981.0,   83970.0,   54573.0,   61335.0,   75883.0,   73177.0,   74520.0,   57510.0,   66690.0,   73178.0,   73709.0,       0.0,   73438.0,   79624.0,   67789.0,   78548.0,   82853.0,   67789.0,   82853.0,  134770.0,   78548.0,   78548.0,  181038.0,  196102.0,   82852.0,   67789.0,   82853.0,  181038.0,   78548.0,   78548.0,   67789.0,   82853.0,   67788.0,   68058.0,   82853.0,   78548.0,   67789.0,   67789.0,   89040.0,   25555.0,   80700.0,   90653.0,   90653.0,   90653.0,   90653.0,   81507.0,   80700.0,   80700.0,   79086.0,   78817.0,   80969.0,   81238.0,   81238.0,   77472.0,   83659.0,   74513.0,   70478.0,  128851.0,  128851.0,   89308.0,  136652.0,   85004.0,  204171.0,   83928.0,   82583.0
   66885.0,  128857.0,   23478.0,   25116.0,       0.0,   72891.0,  140049.0,   10101.0,   66612.0,   74802.0,   62518.0,  102375.0,   83539.0,  124488.0,   74258.0,   38493.0,  137593.0,  138412.0,  134589.0,  129402.0,   84904.0,   55147.0,   61972.0,   76713.0,   73984.0,   75365.0,   58149.0,   67431.0,   72892.0,   73437.0,   73438.0,       0.0,   80512.0,   68545.0,   79424.0,   83777.0,   68545.0,   83777.0,  136273.0,   79424.0,   79424.0,  183057.0,  198289.0,   83776.0,   68545.0,   83777.0,  183057.0,   79424.0,   79424.0,   68545.0,   83777.0,   68544.0,   68817.0,   83777.0,   79424.0,   68545.0,   68545.0,   90033.0,   25841.0,   81601.0,   91665.0,   91665.0,   91665.0,   91665.0,   82417.0,   81601.0,   81601.0,   79969.0,   79697.0,   81873.0,   82145.0,   82145.0,   78336.0,   84592.0,   75344.0,   71264.0,  130288.0,  130288.0,   90304.0,  138176.0,   85953.0,  206448.0,   84865.0,   83504.0
   72520.0,  139713.0,   25456.0,   27232.0,       0.0,   79032.0,  151848.0,   10952.0,   72224.0,   81104.0,   67784.0,  111000.0,   90576.0,  134976.0,   80512.0,   41736.0,  149184.0,  150072.0,  145928.0,  140305.0,   92057.0,   59792.0,   67192.0,   83176.0,   80216.0,   81696.0,   63048.0,   73113.0,   79032.0,   79624.0,   79624.0,   80512.0,       0.0,   74346.0,   86140.0,   90866.0,   74346.0,   90866.0,  147801.0,   86140.0,   86140.0,  198536.0,  215056.0,   90866.0,   74346.0,   90866.0,  198536.0,   86140.0,   86140.0,   74346.0,   90866.0,   74346.0,   74641.0,   90866.0,   86140.0,   74346.0,   74346.0,   97650.0,   28025.0,   88501.0,   99415.0,   99415.0,   99415.0,   99415.0,   89386.0,   88501.0,   88501.0,   86736.0,   86440.0,   88800.0,   89095.0,   89095.0,   84966.0,   91750.0,   81715.0,   77290.0,  141309.0,  141309.0,   97947.0,  149860.0,   93220.0,  223905.0,   92040.0,   90565.0
   61740.0,  118945.0,   21672.0,   23184.0,       0.0,   67284.0,  129276.0,    9324.0,   61488.0,   69048.0,   57708.0,   94500.0,   77112.0,  114912.0,   68544.0,   35532.0,  127008.0,  127764.0,  124236.0,  119449.0,   78373.0,   50904.0,   57204.0,   70812.0,   68292.0,   69552.0,   53676.0,   62245.0,   67285.0,   67788.0,   67789.0,   68545.0,   74346.0,       0.0,   73293.0,   78205.0,   64179.0,   78201.0,  126469.0,   73293.0,   73293.0,  169497.0,  183536.0,   78206.0,   64163.0,   78181.0,  169507.0,   73293.0,   73293.0,   64190.0,   78382.0,   64398.0,   64645.0,   78348.0,   73293.0,   64365.0,   64377.0,   84155.0,   23845.0,   75382.0,   84587.0,   84587.0,   84587.0,   84587.0,   76121.0,   75386.0,   75379.0,   73860.0,   73609.0,   75617.0,   75870.0,   75867.0,   72360.0,   78124.0,   69568.0,   65786.0,  120243.0,  120243.0,   83346.0,  127508.0,   79316.0,  190509.0,   78312.0,   77057.0
   71541.0,  137824.0,   25113.0,   26865.0,       0.0,   77964.0,  149796.0,   10805.0,   71248.0,   80009.0,   66868.0,  109500.0,   89352.0,  133152.0,   79424.0,   41173.0,  147168.0,  148044.0,  143957.0,  138408.0,   90822.0,   58984.0,   66284.0,   82052.0,   79133.0,   80592.0,   62196.0,   72124.0,   77964.0,   78548.0,   78548.0,   79424.0,   86140.0,   73293.0,       0.0,   89629.0,   73333.0,   89629.0,  145792.0,   86106.0,   86106.0,  195843.0,  212139.0,   89629.0,   73333.0,   89629.0,  195843.0,   86106.0,   86106.0,   73333.0,   89629.0,   73333.0,   73624.0,   89629.0,   86080.0,   73333.0,   73333.0,   96322.0,   27645.0,   87300.0,   98067.0,   98067.0,   98067.0,   98067.0,   88174.0,   87300.0,   87300.0,   85555.0,   85264.0,   87592.0,   87883.0,   87883.0,   83809.0,   90502.0,   80607.0,   76243.0,  139389.0,  139389.0,   96612.0,  147828.0,   91956.0,  220870.0,   90792.0,   89338.0
   75460.0,  145377.0,   26488.0,   28336.0,       0.0,   82236.0,  158004.0,   11396.0,   75152.0,   84392.0,   70532.0,  115500.0,   94248.0,  140448.0,   83776.0,   43428.0,  155232.0,  156156.0,  151844.0,  145993.0,   95789.0,   62216.0,   69916.0,   86548.0,   83468.0,   85008.0,   65604.0,   76077.0,   82237.0,   82852.0,   82853.0,   83777.0,   90866.0,   78205.0,   89629.0,       0.0,   78436.0,   95640.0,  154625.0,   89645.0,   89645.0,  207237.0,  224457.0,   95620.0,   78441.0,   95612.0,  207255.0,   89645.0,   89645.0,   78418.0,   95495.0,   78268.0,   78507.0,   95482.0,   89645.0,   78239.0,   78265.0,  102431.0,   29165.0,   92188.0,  103459.0,  103459.0,  103459.0,  103459.0,   93086.0,   92192.0,   92185.0,   90322.0,   90015.0,   92474.0,   92780.0,   92781.0,   88485.0,   95536.0,   85083.0,   80465.0,  147067.0,  147067.0,  101938.0,  155956.0,   97012.0,  233013.0,   95784.0,   94249.0
   61740.0,  118945.0,   21672.0,   23184.0,       0.0,   67284.0,  129276.0,    9324.0,   61488.0,   69048.0,   57708.0,   94500.0,   77112.0,  114912.0,   68544.0,   35532.0,  127008.0,  127764.0,  124236.0,  119449.0,   78373.0,   50904.0,   57204.0,   70812.0,   68292.0,   69552.0,   53676.0,   62245.0,   67285.0,   67788.0,   67789.0,   68545.0,   74346.0,   64179.0,   73333.0,   78436.0,       0.0,   78380.0,  126605.0,   73293.0,   73293.0,  169614.0,  183630.0,   78391.0,   64388.0,   78368.0,  169621.0,   73293.0,   73293.0,   64358.0,   78211.0,   64196.0,   64373.0,   78233.0,   73293.0,   64172.0,   64215.0,   83948.0,   23845.0,   75390.0,   84587.0,   84587.0,   84587.0,   84587.0,   76121.0,   75394.0,   75387.0,   73859.0,   73607.0,   75622.0,   75868.0,   75870.0,   72357.0,   78120.0,   69571.0,   65791.0,  120243.0,  120243.0,   83346.0,  127508.0,   79316.0,  190509.0,   78312.0,   77057.0
   75460.0,  145377.0,   26488.0,   28336.0,       0.0,   82236.0,  158004.0,   11396.0,   75152.0,   84392.0,   70532.0,  115500.0,   94248.0,  140448.0,   83776.0,   43428.0,  155232.0,  156156.0,  151844.0,  145993.0,   95789.0,   62216.0,   69916.0,   86548.0,   83468.0,   85008.0,   65604.0,   76077.0,   82237.0,   82852.0,   82853.0,   83777.0,   90866.0,   78201.0,   89629.0,   95640.0,   78380.0,       0.0,  154621.0,   89645.0,   89645.0,  207241.0,  224440.0,   95632.0,   78428.0,   95598.0,  207248.0,   89645.0,   89645.0,   78437.0,   95490.0,   78281.0,   78516.0,   95480.0,   89645.0,   78240.0,   78294.0,  102446.0,   29165.0,   92198.0,  103459.0,  103459.0,  103459.0,  103459.0,   93092.0,   92202.0,   92195.0,   90332.0,   90020.0,   92483.0,   92785.0,   92789.0,   88491.0,   95546.0,   85082.0,   80457.0,  147067.0,  147067.0,  101938.0,  155956.0,   97012.0,  233013.0,   95784.0,   94249.0
  122745.0,  236473.0,   43086.0,   46092.0,       0.0,  133767.0,  257013.0,   18537.0,  122244.0,  137274.0,  114729.0,  187875.0,  153306.0,  228456.0,  136272.0,   70641.0,  252504.0,  254007.0,  246993.0,  237475.0,  155812.0,  101202.0,  113727.0,  140781.0,  135771.0,  138276.0,  106713.0,  123748.0,  133768.0,  134769.0,  134770.0,  136273.0,  147801.0,  126469.0,  145792.0,  154625.0,  126605.0,  154621.0,       0.0,  146001.0,  146001.0,  337180.0,  365146.0,  154792.0,  126869.0,  154772.0,  337167.0,  146001.0,  146001.0,  126903.0,  154711.0,  126749.0,  127165.0,  154698.0,  146001.0,  126723.0,  126741.0,  166227.0,   47500.0,  150082.0,  168500.0,  168500.0,  168500.0,  168500.0,  151550.0,  150086.0,  150083.0,  147051.0,  146552.0,  150553.0,  151052.0,  151055.0,  144055.0,  155545.0,  138523.0,  131019.0,  239514.0,  239514.0,  166014.0,  254000.0,  158000.0,  379500.0,  156000.0,  153500.0
   71541.0,  137824.0,   25113.0,   26865.0,       0.0,   77964.0,  149796.0,   10805.0,   71248.0,   80009.0,   66868.0,  109500.0,   89352.0,  133152.0,   79424.0,   41173.0,  147168.0,  148044.0,  143957.0,  138408.0,   90822.0,   58984.0,   66284.0,   82052.0,   79133.0,   80592.0,   62196.0,   72124.0,   77964.0,   78548.0,   78548.0,   79424.0,   86140.0,   73293.0,   86106.0,   89645.0,   73293.0,   89645.0,  146001.0,       0.0,   86104.0,  195843.0,  212139.0,   89629.0,   73333.0,   89629.0,  195843.0,   86104.0,   86106.0,   73333.0,   89629.0,   73333.0,   73624.0,   89629.0,   86087.0,   73333.0,   73333.0,   96322.0,   27645.0,   87300.0,   98067.0,   98067.0,   98067.0,   98067.0,   88174.0,   87300.0,   87300.0,   85555.0,   85264.0,   87592.0,   87883.0,   87883.0,   83809.0,   90502.0,   80607.0,   76243.0,  139389.0,  139389.0,   96612.0,  147828.0,   91956.0,  220870.0,   90792.0,   89338.0
   71541.0,  137824.0,   25113.0,   26865.0,       0.0,   77964.0,  149796.0,   10805.0,   71248.0,   80009.0,   66868.0,  109500.0,   89352.0,  133152.0,   79424.0,   41173.0,  147168.0,  148044.0,  143957.0,  138408.0,   90822.0,   58984.0,   66284.0,   82052.0,   79133.0,   80592.0,   62196.0,   72124.0,   77964.0,   78548.0,   78548.0,   79424.0,   86140.0,   73293.0,   86106.0,   89645.0,   73293.0,   89645.0,  146001.0,   86104.0,       0.0,  195843.0,  212139.0,   89629.0,   73333.0,   89629.0,  195843.0,   86106.0,   86101.0,   73333.0,   89629.0,   73333.0,   73624.0,   89629.0,   86085.0,   73333.0,   73333.0,   96322.0,   27645.0,   87300.0,   98067.0,   98067.0,   98067.0,   98067.0,   88174.0,   87300.0,   87300.0,   85555.0,   85264.0,   87592.0,   87883.0,   87883.0,   83809.0,   90502.0,   80607.0,   76243.0,  139389.0,  139389.0,   96612.0,  147828.0,   91956.0,  220870.0,   90792.0,   89338.0
  164885.0,  317657.0,   57878.0,   61916.0,       0.0,  179691.0,  345249.0,   24901.0,  164212.0,  184402.0,  154117.0,  252375.0,  205938.0,  306888.0,  183056.0,   94893.0,  339192.0,  341211.0,  331789.0,  319003.0,  209304.0,  135946.0,  152771.0,  189113.0,  182383.0,  185748.0,  143349.0,  166232.0,  179692.0,  181037.0,  181038.0,  183057.0,  198536.0,  169497.0,  195843.0,  207237.0,  169614.0,  207241.0,  337180.0,  195843.0,  195843.0,       0.0,  490552.0,  207630.0,  170054.0,  207595.0,  452967.0,  196224.0,  196224.0,  170025.0,  207532.0,  169935.0,  170555.0,  207559.0,  196224.0,  169942.0,  169947.0,  223006.0,   63840.0,  201640.0,  226464.0,  226464.0,  226464.0,  226464.0,  203649.0,  201644.0,  201641.0,  197597.0,  196927.0,  202299.0,  202975.0,  202972.0,  193571.0,  209017.0,  186158.0,  176079.0,  321892.0,  321892.0,  223108.0,  341376.0,  212352.0,  510048.0,  209664.0,  206304.0
