JQLU01000005.1,EDR99618.1,JQKK01000015.1,AUJT01000030.1,ATWC01000054.1,ACV39665.1,ERL25782.1,KB890278.1,ERK53440.1,ERK48421.1,ERK47820.1,KGL43917.1,CBH27300.1,EUJ40903.1,ADQ78341.1,ETE53770.1,CDC65743.1,LARF01000048.1,ACOK01000100.1,JTLD01000029.1,GAE20957.1,EKB54193.1,AEK23281.1,KN549099.1,KIX21336.1,CCB70204.1,AMA48551.1,AEW86266.1,EHO06562.1,EHO08761.1,EKB06014.1,ADQ80738.1,KGE88582.1,KGL55352.1,ALJ25681.1,ALJ26029.1,ALO30226.1,ALA94104.1,GAP82240.1,ERJ81987.1,ERJ65637.1,ERJ65503.1,ERJ64231.1,AIJ36392.1,EOA10535.1,BAK25606.1,ERJ88434.1,ERJ87335.1,EIW94777.1,AAQ65551.1,KGN88274.1,KKC50278.1,KGN87312.1,KGN85385.1,KGN76020.1,KGO05347.1,KGL48767.1,KB899147.1,JHUW01000010.1,EJP27887.1,KIP58075.1,KIP63359.1,KIP62088.1,KIP58950.1,BAKF01000019.1,EFU31981.1,JVYU01002440.1,BAJY01000004.1,AFJ07523.1,KE392225.1,KJJ86756.1,EGQ18444.1,ERJ98772.1,BAJN01000005.1,EKY00089.1,BAKN01000001.1,AKP71851.1,AGC41344.1,AKQ40303.1,JTLI01000096.1,KDE72144.1,EHO19081.1,EIJ68860.1,JHXW01000011.1
       0.0,  116604.0,   21648.0,   23125.0,       0.0,   66177.0,  126691.0,    9595.0,   60516.0,   67897.0,   56828.0,   92747.0,   75776.0,  112673.0,   67407.0,   35179.0,  124476.0,  125214.0,  121770.0,  117096.0,   76998.0,   50184.0,   56334.0,   69618.0,   67159.0,   68388.0,   52890.0,   61254.0,   66175.0,   66666.0,   66666.0,   67404.0,   73062.0,   62238.0,   72079.0,   76014.0,   62238.0,   76014.0,  123492.0,   72079.0,   72079.0,  165804.0,  179580.0,   76014.0,   62238.0,   76014.0,  165804.0,   72079.0,   72079.0,   62238.0,   76014.0,   62238.0,   62484.0,   76014.0,   72079.0,   62238.0,   62238.0,   81672.0,   23616.0,   74047.0,   83148.0,   83148.0,   83148.0,   83148.0,   74784.0,   74047.0,   74047.0,   72570.0,   72324.0,   74292.0,   74538.0,   74538.0,   71095.0,   76753.0,   68389.0,   64698.0,  118080.0,  118080.0,   81918.0,  125214.0,   77982.0,  186961.0,   76998.0,   75769.0
  116604.0,       0.0,   41624.0,   44462.0,       0.0,  127237.0,  243595.0,   18447.0,  116358.0,  130548.0,  109264.0,  178321.0,  145685.0,  216634.0,  129604.0,   67639.0,  239374.0,  240792.0,  234164.0,  225149.0,  148052.0,   96493.0,  108318.0,  133859.0,  129130.0,  131496.0,  101695.0,  117778.0,  127237.0,  128183.0,  128183.0,  129603.0,  140482.0,  119670.0,  138589.0,  146158.0,  119670.0,  146158.0,  237447.0,  138589.0,  138589.0,  318803.0,  345291.0,  146158.0,  119670.0,  146158.0,  318803.0,  138589.0,  138589.0,  119670.0,  146158.0,  119670.0,  120143.0,  146158.0,  138589.0,  119670.0,  119670.0,  157036.0,   45409.0,  142374.0,  159875.0,  159875.0,  159875.0,  159875.0,  143793.0,  142374.0,  142374.0,  139536.0,  139063.0,  142847.0,  143320.0,  143320.0,  136697.0,  147576.0,  131494.0,  124399.0,  227041.0,  227041.0,  157510.0,  240757.0,  149942.0,  359480.0,  148050.0,  145684.0
   21648.0,   41624.0,       0.0,    8198.0,      34.0,   23403.0,   44805.0,    3393.0,   21402.0,   24012.0,   20097.0,   32799.0,   26796.0,   39846.0,   23838.0,   12442.0,   44022.0,   44283.0,   43066.0,   41412.0,   27231.0,   17748.0,   19923.0,   24621.0,   23751.0,   24186.0,   18705.0,   21663.0,   23403.0,   23577.0,   23577.0,   23838.0,   25839.0,   22011.0,   25492.0,   26883.0,   22011.0,   26883.0,   43674.0,   25492.0,   25492.0,   58638.0,   63510.0,   26883.0,   22011.0,   26883.0,   58638.0,   25492.0,   25492.0,   22011.0,   26883.0,   22011.0,   22098.0,   26883.0,   25492.0,   22011.0,   22011.0,   28884.0,    8352.0,   26187.0,   29406.0,   29406.0,   29406.0,   29406.0,   26448.0,   26187.0,   26187.0,   25665.0,   25578.0,   26274.0,   26361.0,   26361.0,   25143.0,   27144.0,   24186.0,   22883.0,   41760.0,   41760.0,   28971.0,   44283.0,   27579.0,   66122.0,   27231.0,   26796.0
   23125.0,   44462.0,    8198.0,       0.0,       7.0,   25017.0,   47895.0,    3628.0,   22878.0,   25669.0,   21483.0,   35061.0,   28644.0,   42594.0,   25482.0,   13299.0,   47058.0,   47338.0,   46036.0,   44268.0,   29109.0,   18972.0,   21297.0,   26319.0,   25391.0,   25854.0,   19995.0,   23157.0,   25017.0,   25203.0,   25203.0,   25482.0,   27621.0,   23529.0,   27250.0,   28737.0,   23529.0,   28737.0,   46686.0,   27250.0,   27250.0,   62682.0,   67890.0,   28737.0,   23529.0,   28737.0,   62682.0,   27250.0,   27250.0,   23529.0,   28737.0,   23529.0,   23622.0,   28737.0,   27250.0,   23529.0,   23529.0,   30877.0,    8929.0,   27993.0,   31434.0,   31434.0,   31434.0,   31434.0,   28272.0,   27993.0,   27993.0,   27435.0,   27342.0,   28086.0,   28179.0,   28179.0,   26877.0,   29017.0,   25854.0,   24459.0,   44640.0,   44640.0,   30969.0,   47337.0,   29481.0,   70681.0,   29109.0,   28645.0
       0.0,       0.0,      34.0,       7.0,       0.0,       0.0,       0.0,       0.0,       0.0,       0.0,       0.0,       0.0,       0.0,       0.0,       0.0,       0.0,       0.0,       0.0,       0.0,       0.0,       0.0,       0.0,       0.0,       0.0,       0.0,       0.0,       0.0,       0.0,       0.0,       0.0,       0.0,       0.0,       0.0,       0.0,       0.0,       0.0,       0.0,       0.0,       0.0,       0.0,       0.0,       0.0,       0.0,       0.0,       0.0,       0.0,       0.0,       0.0,       0.0,       0.0,       0.0,       0.0,       0.0,       0.0,       0.0,       0.0,       0.0,       0.0,       0.0,       0.0,       0.0,       0.0,       0.0,       0.0,       0.0,       0.0,       0.0,       0.0,       0.0,       0.0,       0.0,       0.0,       0.0,       0.0,       0.0,       0.0,       0.0,       0.0,       0.0,       0.0,       0.0,       0.0,       0.0,       0.0
   66177.0,  127237.0,   23403.0,   25017.0,       0.0,       0.0,  138604.0,   10452.0,   65930.0,   74595.0,   61953.0,  101039.0,   82549.0,  122747.0,   73435.0,   38324.0,  135609.0,  136412.0,  132660.0,  127568.0,   83884.0,   54672.0,   61372.0,   75844.0,   73164.0,   74504.0,   57620.0,   66732.0,   72093.0,   72628.0,   72628.0,   73432.0,   79596.0,   67804.0,   78524.0,   82812.0,   67804.0,   82812.0,  134536.0,   78524.0,   78524.0,  180632.0,  195640.0,   82812.0,   67804.0,   82812.0,  180632.0,   78524.0,   78524.0,   67804.0,   82812.0,   67804.0,   68072.0,   82812.0,   78524.0,   67804.0,   67804.0,   88976.0,   25728.0,   80669.0,   90584.0,   90584.0,   90584.0,   90584.0,   81473.0,   80669.0,   80669.0,   79060.0,   78793.0,   80937.0,   81205.0,   81205.0,   77453.0,   83617.0,   74505.0,   70484.0,  128640.0,  128640.0,   89244.0,  136412.0,   84956.0,  203680.0,   83884.0,   82544.0
  126691.0,  243595.0,   44805.0,   47895.0,       0.0,  138604.0,       0.0,   20046.0,  126446.0,  142291.0,  118777.0,  193779.0,  158314.0,  235413.0,  140837.0,   73502.0,  260085.0,  261626.0,  254430.0,  244664.0,  160882.0,  104856.0,  117706.0,  145462.0,  140322.0,  142892.0,  110510.0,  127986.0,  138267.0,  139294.0,  139294.0,  140836.0,  152658.0,  130042.0,  150602.0,  158826.0,  130042.0,  158826.0,  258028.0,  150602.0,  150602.0,  346436.0,  375220.0,  158826.0,  130042.0,  158826.0,  346436.0,  150602.0,  150602.0,  130042.0,  158826.0,  130042.0,  130556.0,  158826.0,  150602.0,  130042.0,  130042.0,  170648.0,   49344.0,  154715.0,  173732.0,  173732.0,  173732.0,  173732.0,  156257.0,  154715.0,  154715.0,  151630.0,  151117.0,  155229.0,  155743.0,  155743.0,  148547.0,  160369.0,  142893.0,  135182.0,  246720.0,  246720.0,  171162.0,  261626.0,  162938.0,  390640.0,  160882.0,  158312.0
    9595.0,   18447.0,    3393.0,    3628.0,       0.0,   10452.0,   20046.0,       0.0,    9348.0,   10489.0,    8778.0,   14326.0,   11704.0,   17404.0,   10412.0,    5434.0,   19228.0,   19342.0,   18810.0,   18088.0,   11894.0,    7752.0,    8702.0,   10754.0,   10375.0,   10564.0,    8170.0,    9462.0,   10222.0,   10299.0,   10298.0,   10412.0,   11286.0,    9614.0,   11135.0,   11742.0,    9614.0,   11742.0,   19076.0,   11135.0,   11135.0,   25612.0,   27740.0,   11742.0,    9614.0,   11742.0,   25612.0,   11135.0,   11135.0,    9614.0,   11742.0,    9614.0,    9652.0,   11742.0,   11135.0,    9614.0,    9614.0,   12616.0,    3648.0,   11438.0,   12844.0,   12844.0,   12844.0,   12844.0,   11552.0,   11438.0,   11438.0,   11210.0,   11172.0,   11476.0,   11514.0,   11514.0,   10982.0,   11856.0,   10565.0,    9994.0,   18240.0,   18240.0,   12654.0,   19342.0,   12046.0,   28881.0,   11894.0,   11706.0
   60516.0,  116358.0,   21402.0,   22878.0,       0.0,   65930.0,  126446.0,    9348.0,       0.0,   67621.0,   56596.0,   92366.0,   75460.0,  112211.0,   67130.0,   35035.0,  123971.0,  124705.0,  121275.0,  116621.0,   76685.0,   49980.0,   56105.0,   69335.0,   66885.0,   68110.0,   52675.0,   61005.0,   65905.0,   66396.0,   66396.0,   67130.0,   72765.0,   61985.0,   71785.0,   75705.0,   61985.0,   75705.0,  122990.0,   71785.0,   71785.0,  165130.0,  178850.0,   75705.0,   61985.0,   75705.0,  165130.0,   71785.0,   71785.0,   61985.0,   75705.0,   61985.0,   62230.0,   75705.0,   71785.0,   61985.0,   61985.0,   81340.0,   23520.0,   73745.0,   82810.0,   82810.0,   82810.0,   82810.0,   74481.0,   73745.0,   73745.0,   72275.0,   72031.0,   73991.0,   74236.0,   74236.0,   70805.0,   76440.0,   68110.0,   64435.0,  117600.0,  117600.0,   81585.0,  124705.0,   77665.0,  186200.0,   76685.0,   75460.0
   67897.0,  130548.0,   24012.0,   25669.0,       0.0,   74595.0,  142291.0,   10489.0,   67621.0,       0.0,   63565.0,  103677.0,   84702.0,  125952.0,   75351.0,   39325.0,  139151.0,  139975.0,  136125.0,  130900.0,   86075.0,   56100.0,   62975.0,   77825.0,   75076.0,   76450.0,   59125.0,   68475.0,   73975.0,   74525.0,   74525.0,   75350.0,   81675.0,   69575.0,   80576.0,   84975.0,   69575.0,   84975.0,  138050.0,   80576.0,   80576.0,  185350.0,  200750.0,   84975.0,   69575.0,   84975.0,  185350.0,   80576.0,   80576.0,   69575.0,   84975.0,   69575.0,   69850.0,   84975.0,   80576.0,   69575.0,   69575.0,   91300.0,   26400.0,   82775.0,   92950.0,   92950.0,   92950.0,   92950.0,   83601.0,   82775.0,   82775.0,   81125.0,   80851.0,   83051.0,   83326.0,   83326.0,   79475.0,   85800.0,   76450.0,   72325.0,  132000.0,  132000.0,   91575.0,  139975.0,   87175.0,  209001.0,   86075.0,   84701.0
   56828.0,  109264.0,   20097.0,   21483.0,       0.0,   61953.0,  118777.0,    8778.0,   56596.0,   63565.0,       0.0,   86714.0,   70844.0,  105344.0,   63026.0,   32890.0,  116381.0,  117071.0,  113850.0,  109481.0,   71991.0,   46921.0,   52671.0,   65090.0,   62791.0,   63944.0,   49450.0,   57270.0,   61870.0,   62331.0,   62331.0,   63021.0,   68310.0,   58190.0,   67390.0,   71070.0,   58190.0,   71070.0,  115460.0,   67390.0,   67390.0,  155020.0,  167900.0,   71070.0,   58190.0,   71070.0,  155020.0,   67390.0,   67390.0,   58190.0,   71070.0,   58190.0,   58420.0,   71070.0,   67390.0,   58190.0,   58190.0,   76360.0,   22081.0,   69231.0,   77741.0,   77741.0,   77741.0,   77741.0,   69921.0,   69231.0,   69231.0,   67851.0,   67621.0,   69461.0,   69691.0,   69691.0,   66470.0,   71760.0,   63940.0,   60490.0,  110400.0,  110400.0,   76590.0,  117070.0,   72911.0,  174800.0,   71991.0,   70840.0
   92747.0,  178321.0,   32799.0,   35061.0,       0.0,  101039.0,  193779.0,   14326.0,   92366.0,  103677.0,   86714.0,       0.0,  115824.0,  173130.0,  103027.0,   53768.0,  190257.0,  191384.0,  186120.0,  178976.0,  117688.0,   76704.0,   86104.0,  106409.0,  102648.0,  104528.0,   80840.0,   93624.0,  101144.0,  101896.0,  101896.0,  103024.0,  111672.0,   95128.0,  110168.0,  116184.0,   95128.0,  116184.0,  188752.0,  110168.0,  110168.0,  253424.0,  274480.0,  116184.0,   95128.0,  116184.0,  253424.0,  110168.0,  110168.0,   95128.0,  116184.0,   95128.0,   95504.0,  116184.0,  110168.0,   95128.0,   95128.0,  124832.0,   36096.0,  113176.0,  127089.0,  127089.0,  127089.0,  127089.0,  114305.0,  113176.0,  113176.0,  110920.0,  110545.0,  113553.0,  113929.0,  113929.0,  108664.0,  117312.0,  104528.0,   98888.0,  180480.0,  180480.0,  125208.0,  191384.0,  119192.0,  285760.0,  117688.0,  115808.0
   75776.0,  145685.0,   26796.0,   28644.0,       0.0,   82549.0,  158314.0,   11704.0,   75460.0,   84702.0,   70844.0,  115824.0,       0.0,  140621.0,   84125.0,   43901.0,  155345.0,  156264.0,  151965.0,  146132.0,   96092.0,   62629.0,   70304.0,   86882.0,   83812.0,   85348.0,   66005.0,   76443.0,   82583.0,   83197.0,   83197.0,   84119.0,   91179.0,   77671.0,   89951.0,   94863.0,   77671.0,   94863.0,  154114.0,   89951.0,   89951.0,  206918.0,  224110.0,   94863.0,   77671.0,   94863.0,  206918.0,   89951.0,   89951.0,   77671.0,   94863.0,   77671.0,   77978.0,   94863.0,   89951.0,   77671.0,   77671.0,  101924.0,   29473.0,   92408.0,  103768.0,  103768.0,  103768.0,  103768.0,   93329.0,   92408.0,   92408.0,   90566.0,   90259.0,   92715.0,   93022.0,   93022.0,   88723.0,   95784.0,   85346.0,   80741.0,  147360.0,  147360.0,  102231.0,  156263.0,   97320.0,  233320.0,   96092.0,   94556.0
  112673.0,  216634.0,   39846.0,   42594.0,       0.0,  122747.0,  235413.0,   17404.0,  112211.0,  125952.0,  105344.0,  173130.0,  140621.0,       0.0,  125221.0,   65352.0,  231243.0,  232613.0,  226215.0,  217532.0,  143041.0,   93229.0,  104654.0,  129332.0,  124761.0,  127046.0,   98257.0,  113793.0,  122933.0,  123847.0,  123847.0,  125218.0,  135729.0,  115621.0,  133901.0,  141213.0,  115621.0,  141213.0,  229414.0,  133901.0,  133901.0,  308018.0,  333610.0,  141213.0,  115621.0,  141213.0,  308018.0,  133901.0,  133901.0,  115621.0,  141213.0,  115621.0,  116078.0,  141213.0,  133901.0,  115621.0,  115621.0,  151724.0,   43872.0,  137557.0,  154466.0,  154466.0,  154466.0,  154466.0,  138929.0,  137557.0,  137557.0,  134815.0,  134359.0,  138015.0,  138472.0,  138472.0,  132073.0,  142584.0,  127046.0,  120191.0,  219361.0,  219361.0,  152182.0,  232613.0,  144869.0,  347320.0,  143041.0,  140756.0
   67407.0,  129604.0,   23838.0,   25482.0,       0.0,   73435.0,  140837.0,   10412.0,   67130.0,   75351.0,   63026.0,  103027.0,   84125.0,  125221.0,       0.0,   39039.0,  138140.0,  138959.0,  135135.0,  129948.0,   85451.0,   55694.0,   62519.0,   77259.0,   74531.0,   75899.0,   58695.0,   67977.0,   73437.0,   73983.0,   73983.0,   74804.0,   81081.0,   69069.0,   79989.0,   84357.0,   69069.0,   84357.0,  137046.0,   79989.0,   79989.0,  184002.0,  199290.0,   84357.0,   69069.0,   84357.0,  184002.0,   79989.0,   79989.0,   69069.0,   84357.0,   69069.0,   69342.0,   84357.0,   79989.0,   69069.0,   69069.0,   90636.0,   26210.0,   82175.0,   92277.0,   92277.0,   92277.0,   92277.0,   82994.0,   82175.0,   82175.0,   80537.0,   80264.0,   82448.0,   82721.0,   82721.0,   78897.0,   85176.0,   75894.0,   71799.0,  131040.0,  131040.0,   90909.0,  138957.0,   86543.0,  207480.0,   85451.0,   84084.0
   35179.0,   67639.0,   12442.0,   13299.0,       0.0,   38324.0,   73502.0,    5434.0,   35035.0,   39325.0,   32890.0,   53768.0,   43901.0,   65352.0,   39039.0,       0.0,   71852.0,   72278.0,   70291.0,   67592.0,   44446.0,   28969.0,   32519.0,   40187.0,   38766.0,   39476.0,   30531.0,   35358.0,   38198.0,   38482.0,   38482.0,   38908.0,   42174.0,   35926.0,   41607.0,   43878.0,   35926.0,   43878.0,   71284.0,   41607.0,   41607.0,   95708.0,  103660.0,   43878.0,   35926.0,   43878.0,   95708.0,   41607.0,   41607.0,   35926.0,   43878.0,   35926.0,   36068.0,   43878.0,   41607.0,   35926.0,   35926.0,   47144.0,   13632.0,   42742.0,   47996.0,   47996.0,   47996.0,   47996.0,   43168.0,   42742.0,   42742.0,   41890.0,   41748.0,   42884.0,   43026.0,   43026.0,   41038.0,   44304.0,   39476.0,   37347.0,   68161.0,   68161.0,   47287.0,   72278.0,   45014.0,  107920.0,   44446.0,   43736.0
  124476.0,  239374.0,   44022.0,   47058.0,       0.0,  135609.0,  260085.0,   19228.0,  123971.0,  139151.0,  116381.0,  190257.0,  155345.0,  231243.0,  138140.0,   71852.0,       0.0,  257850.0,  250024.0,  240380.0,  158066.0,  103021.0,  115646.0,  142915.0,  137866.0,  140392.0,  108575.0,  125745.0,  135845.0,  136855.0,  136855.0,  138371.0,  149985.0,  127765.0,  147965.0,  156045.0,  127765.0,  156045.0,  253510.0,  147965.0,  147965.0,  340370.0,  368650.0,  156045.0,  127765.0,  156045.0,  340370.0,  147965.0,  147965.0,  127765.0,  156045.0,  127765.0,  128270.0,  156045.0,  147965.0,  127765.0,  127765.0,  167660.0,   48481.0,  152006.0,  170691.0,  170691.0,  170691.0,  170691.0,  153522.0,  152006.0,  152006.0,  148976.0,  148472.0,  152512.0,  153017.0,  153017.0,  145945.0,  157560.0,  140390.0,  132815.0,  242400.0,  242400.0,  168165.0,  257045.0,  160086.0,  383800.0,  158066.0,  155540.0
  125214.0,  240792.0,   44283.0,   47338.0,       0.0,  136412.0,  261626.0,   19342.0,  124705.0,  139975.0,  117071.0,  191384.0,  156264.0,  232613.0,  138959.0,   72278.0,  257850.0,       0.0,  251509.0,  241808.0,  159005.0,  103633.0,  116333.0,  143764.0,  138685.0,  141226.0,  109220.0,  126492.0,  136652.0,  137668.0,  137668.0,  139193.0,  150876.0,  128524.0,  148844.0,  156972.0,  128524.0,  156972.0,  255016.0,  148844.0,  148844.0,  342392.0,  370840.0,  156972.0,  128524.0,  156972.0,  342392.0,  148844.0,  148844.0,  128524.0,  156972.0,  128524.0,  129032.0,  156972.0,  148844.0,  128524.0,  128524.0,  168657.0,   48770.0,  152909.0,  171705.0,  171705.0,  171705.0,  171705.0,  154433.0,  152909.0,  152909.0,  149861.0,  149353.0,  153417.0,  153925.0,  153925.0,  146812.0,  158497.0,  141224.0,  133604.0,  243840.0,  243840.0,  169164.0,  258572.0,  161037.0,  386080.0,  159005.0,  156464.0
  121770.0,  234164.0,   43066.0,   46036.0,       0.0,  132660.0,  254430.0,   18810.0,  121275.0,  136125.0,  113850.0,  186120.0,  151965.0,  226215.0,  135135.0,   70291.0,  250024.0,  251509.0,       0.0,  235144.0,  154622.0,  100776.0,  113126.0,  139802.0,  134862.0,  137332.0,  106210.0,  123006.0,  132886.0,  133874.0,  133874.0,  135356.0,  146718.0,  124982.0,  144743.0,  152646.0,  124982.0,  152646.0,  247988.0,  144743.0,  144743.0,  332956.0,  360620.0,  152646.0,  124982.0,  152646.0,  332956.0,  144743.0,  144743.0,  124982.0,  152646.0,  124982.0,  125476.0,  152646.0,  144743.0,  124982.0,  124982.0,  164009.0,   47425.0,  148694.0,  166972.0,  166972.0,  166972.0,  166972.0,  150176.0,  148694.0,  148694.0,  145730.0,  145236.0,  149188.0,  149682.0,  149682.0,  142766.0,  154129.0,  137332.0,  129923.0,  237120.0,  237120.0,  164502.0,  251446.0,  156598.0,  375440.0,  154622.0,  152152.0
  117096.0,  225149.0,   41412.0,   44268.0,       0.0,  127568.0,  244664.0,   18088.0,  116621.0,  130900.0,  109481.0,  178976.0,  146132.0,  217532.0,  129948.0,   67592.0,  240380.0,  241808.0,  235144.0,       0.0,  148676.0,   96900.0,  108775.0,  134425.0,  129675.0,  132050.0,  102125.0,  118276.0,  127775.0,  128726.0,  128726.0,  130150.0,  141076.0,  120176.0,  139175.0,  146776.0,  120176.0,  146776.0,  238451.0,  139175.0,  139175.0,  320151.0,  346751.0,  146776.0,  120176.0,  146776.0,  320151.0,  139175.0,  139175.0,  120176.0,  146776.0,  120176.0,  120651.0,  146776.0,  139175.0,  120176.0,  120176.0,  157700.0,   45600.0,  142975.0,  160550.0,  160550.0,  160550.0,  160550.0,  144400.0,  142975.0,  142975.0,  140125.0,  139650.0,  143450.0,  143925.0,  143925.0,  137275.0,  148200.0,  132050.0,  124925.0,  228002.0,  228002.0,  158177.0,  241775.0,  150575.0,  361000.0,  148675.0,  146300.0
   76998.0,  148052.0,   27231.0,   29109.0,       0.0,   83884.0,  160882.0,   11894.0,   76685.0,   86075.0,   71991.0,  117688.0,   96092.0,  143041.0,   85451.0,   44446.0,  158066.0,  159005.0,  154622.0,  148676.0,       0.0,   63649.0,   71449.0,   88296.0,   85177.0,   86738.0,   67080.0,   77689.0,   83928.0,   84552.0,   84552.0,   85489.0,   92665.0,   78937.0,   91433.0,   96409.0,   78937.0,   96409.0,  156625.0,   91432.0,   91433.0,  210289.0,  227761.0,   96409.0,   78937.0,   96409.0,  210289.0,   91433.0,   91433.0,   78937.0,   96409.0,   78937.0,   79249.0,   96409.0,   91432.0,   78937.0,   78937.0,  103584.0,   29953.0,   93913.0,  105457.0,  105457.0,  105457.0,  105457.0,   94849.0,   93913.0,   93913.0,   92041.0,   91729.0,   94225.0,   94537.0,   94537.0,   90168.0,   97344.0,   86736.0,   82056.0,  149761.0,  149761.0,  103897.0,  158808.0,   98905.0,  237120.0,   97657.0,   96096.0
   50184.0,   96493.0,   17748.0,   18972.0,       0.0,   54672.0,  104856.0,    7752.0,   49980.0,   56100.0,   46921.0,   76704.0,   62629.0,   93229.0,   55694.0,   28969.0,  103021.0,  103633.0,  100776.0,   96900.0,   63649.0,       0.0,   46706.0,   57475.0,   55438.0,   56436.0,   43652.0,   50553.0,   54649.0,   55055.0,   55055.0,   55623.0,   60291.0,   51359.0,   59479.0,   62727.0,   51359.0,   62727.0,  101906.0,   59479.0,   59479.0,  136822.0,  148190.0,   62727.0,   51359.0,   62727.0,  136822.0,   59479.0,   59479.0,   51359.0,   62727.0,   51359.0,   51562.0,   62727.0,   59479.0,   51359.0,   51359.0,   67396.0,   19489.0,   61104.0,   68615.0,   68615.0,   68615.0,   68615.0,   61713.0,   61104.0,   61104.0,   59886.0,   59683.0,   61307.0,   61510.0,   61510.0,   58667.0,   63336.0,   56434.0,   53389.0,   97441.0,   97441.0,   67600.0,  103327.0,   64352.0,  154280.0,   63540.0,   62524.0
   56334.0,  108318.0,   19923.0,   21297.0,       0.0,   61372.0,  117706.0,    8702.0,   56105.0,   62975.0,   52671.0,   86104.0,   70304.0,  104654.0,   62519.0,   32519.0,  115646.0,  116333.0,  113126.0,  108775.0,   71449.0,   46706.0,       0.0,   64552.0,   62266.0,   63386.0,   49027.0,   56778.0,   61387.0,   61842.0,   61843.0,   62473.0,   67716.0,   57684.0,   66804.0,   70452.0,   57684.0,   70452.0,  114456.0,   66804.0,   66804.0,  153672.0,  166440.0,   70452.0,   57684.0,   70452.0,  153672.0,   66804.0,   66804.0,   57684.0,   70452.0,   57684.0,   57912.0,   70452.0,   66804.0,   57684.0,   57684.0,   75696.0,   21889.0,   68629.0,   77065.0,   77065.0,   77065.0,   77065.0,   69313.0,   68629.0,   68629.0,   67261.0,   67033.0,   68857.0,   69085.0,   69085.0,   65892.0,   71136.0,   63384.0,   59964.0,  109441.0,  109441.0,   75925.0,  116052.0,   72277.0,  173280.0,   71365.0,   70224.0
   69618.0,  133859.0,   24621.0,   26319.0,       0.0,   75844.0,  145462.0,   10754.0,   69335.0,   77825.0,   65090.0,  106409.0,   86882.0,  129332.0,   77259.0,   40187.0,  142915.0,  143764.0,  139802.0,  134425.0,   88296.0,   57475.0,   64552.0,       0.0,   77006.0,   78396.0,   60643.0,   70230.0,   75875.0,   76439.0,   76439.0,   77268.0,   83754.0,   71346.0,   82626.0,   87138.0,   71346.0,   87138.0,  141564.0,   82626.0,   82626.0,  190068.0,  205860.0,   87138.0,   71346.0,   87138.0,  190068.0,   82626.0,   82626.0,   71346.0,   87138.0,   71346.0,   71628.0,   87138.0,   82626.0,   71346.0,   71346.0,   93624.0,   27072.0,   84882.0,   95317.0,   95317.0,   95317.0,   95317.0,   85728.0,   84882.0,   84882.0,   83190.0,   82908.0,   85164.0,   85446.0,   85446.0,   81498.0,   87984.0,   78396.0,   74166.0,  135361.0,  135361.0,   93907.0,  143538.0,   89394.0,  214320.0,   88266.0,   86856.0
   67159.0,  129130.0,   23751.0,   25391.0,       0.0,   73164.0,  140322.0,   10375.0,   66885.0,   75076.0,   62791.0,  102648.0,   83812.0,  124761.0,   74531.0,   38766.0,  137866.0,  138685.0,  134862.0,  129675.0,   85177.0,   55438.0,   62266.0,   77006.0,       0.0,   75619.0,   58494.0,   67742.0,   73181.0,   73725.0,   73725.0,   74529.0,   80784.0,   68816.0,   79697.0,   84048.0,   68816.0,   84048.0,  136544.0,   79697.0,   79697.0,  183328.0,  198560.0,   84048.0,   68816.0,   84048.0,  183328.0,   79697.0,   79697.0,   68816.0,   84048.0,   68816.0,   69088.0,   84048.0,   79697.0,   68816.0,   68816.0,   90304.0,   26113.0,   81873.0,   91937.0,   91937.0,   91937.0,   91937.0,   82689.0,   81873.0,   81873.0,   80241.0,   79969.0,   82145.0,   82417.0,   82417.0,   78608.0,   84864.0,   75616.0,   71536.0,  130560.0,  130560.0,   90576.0,  138448.0,   86225.0,  206721.0,   85137.0,   83777.0
   68388.0,  131496.0,   24186.0,   25854.0,       0.0,   74504.0,  142892.0,   10564.0,   68110.0,   76450.0,   63944.0,  104528.0,   85348.0,  127046.0,   75899.0,   39476.0,  140392.0,  141226.0,  137332.0,  132050.0,   86738.0,   56436.0,   63386.0,   78396.0,   75619.0,       0.0,   59555.0,   68973.0,   74513.0,   75067.0,   75067.0,   75919.0,   82269.0,   70081.0,   81161.0,   85593.0,   70081.0,   85593.0,  139054.0,   81161.0,   81161.0,  186698.0,  202210.0,   85593.0,   70081.0,   85593.0,  186698.0,   81161.0,   81161.0,   70081.0,   85593.0,   70081.0,   70358.0,   85593.0,   81161.0,   70081.0,   70081.0,   91964.0,   26594.0,   83379.0,   93628.0,   93628.0,   93628.0,   93628.0,   84210.0,   83379.0,   83379.0,   81717.0,   81440.0,   83656.0,   83933.0,   83933.0,   80053.0,   86424.0,   77006.0,   72851.0,  132960.0,  132960.0,   92241.0,  140993.0,   87811.0,  210520.0,   86703.0,   85316.0
   52890.0,  101695.0,   18705.0,   19995.0,       0.0,   57620.0,  110510.0,    8170.0,   52675.0,   59125.0,   49450.0,   80840.0,   66005.0,   98257.0,   58695.0,   30531.0,  108575.0,  109220.0,  106210.0,  102125.0,   67080.0,   43652.0,   49027.0,   60643.0,   58494.0,   59555.0,       0.0,   54331.0,   57567.0,   57995.0,   57995.0,   58636.0,   63558.0,   54142.0,   62702.0,   66126.0,   54142.0,   66126.0,  107428.0,   62702.0,   62702.0,  144236.0,  156220.0,   66127.0,   54142.0,   66126.0,  144236.0,   62702.0,   62702.0,   54142.0,   66126.0,   54143.0,   54356.0,   66126.0,   62702.0,   54142.0,   54142.0,   71048.0,   20544.0,   64414.0,   72332.0,   72332.0,   72332.0,   72332.0,   65056.0,   64414.0,   64414.0,   63130.0,   62916.0,   64628.0,   64842.0,   64842.0,   61846.0,   66768.0,   59492.0,   56282.0,  102721.0,  102721.0,   71263.0,  108926.0,   67838.0,  162640.0,   66982.0,   65912.0
   61254.0,  117778.0,   21663.0,   23157.0,       0.0,   66732.0,  127986.0,    9462.0,   61005.0,   68475.0,   57270.0,   93624.0,   76443.0,  113793.0,   67977.0,   35358.0,  125745.0,  126492.0,  123006.0,  118276.0,   77689.0,   50553.0,   56778.0,   70230.0,   67742.0,   68973.0,   54331.0,       0.0,   66714.0,   67210.0,   67210.0,   67952.0,   73657.0,   62745.0,   72664.0,   76633.0,   62745.0,   76633.0,  124497.0,   72664.0,   72664.0,  167153.0,  181041.0,   76634.0,   62745.0,   76633.0,  167153.0,   72664.0,   72664.0,   62745.0,   76633.0,   62746.0,   62993.0,   76633.0,   72664.0,   62745.0,   62745.0,   82336.0,   23808.0,   74648.0,   83824.0,   83824.0,   83824.0,   83824.0,   75392.0,   74648.0,   74648.0,   73160.0,   72912.0,   74896.0,   75144.0,   75144.0,   71672.0,   77376.0,   68944.0,   65224.0,  119041.0,  119041.0,   82585.0,  126232.0,   78616.0,  188480.0,   77624.0,   76384.0
   66175.0,  127237.0,   23403.0,   25017.0,       0.0,   72093.0,  138267.0,   10222.0,   65905.0,   73975.0,   61870.0,  101144.0,   82583.0,  122933.0,   73437.0,   38198.0,  135845.0,  136652.0,  132886.0,  127775.0,   83928.0,   54649.0,   61387.0,   75875.0,   73181.0,   74513.0,   57567.0,   66714.0,       0.0,   73732.0,   73725.0,   73433.0,   79596.0,   67805.0,   78524.0,   82813.0,   67805.0,   82813.0,  134537.0,   78524.0,   78524.0,  180633.0,  195641.0,   82812.0,   67805.0,   82813.0,  180633.0,   78524.0,   78524.0,   67805.0,   82813.0,   67804.0,   68073.0,   82813.0,   78524.0,   67805.0,   67805.0,   88977.0,   25728.0,   80669.0,   90584.0,   90584.0,   90584.0,   90584.0,   81472.0,   80669.0,   80669.0,   79060.0,   78792.0,   80936.0,   81204.0,   81204.0,   77453.0,   83617.0,   74505.0,   70484.0,  128640.0,  128640.0,   89244.0,  136412.0,   84956.0,  203680.0,   83884.0,   82544.0
   66666.0,  128183.0,   23577.0,   25203.0,       0.0,   72628.0,  139294.0,   10299.0,   66396.0,   74525.0,   62331.0,  101896.0,   83197.0,  123847.0,   73983.0,   38482.0,  136855.0,  137668.0,  133874.0,  128726.0,   84552.0,   55055.0,   61842.0,   76439.0,   73725.0,   75067.0,   57995.0,   67210.0,   73732.0,       0.0,   74257.0,   73980.0,   80190.0,   68310.0,   79110.0,   83430.0,   68310.0,   83430.0,  135540.0,   79110.0,   79110.0,  181980.0,  197100.0,   83430.0,   68310.0,   83430.0,  181980.0,   79110.0,   79110.0,   68310.0,   83430.0,   68310.0,   68580.0,   83430.0,   79110.0,   68310.0,   68310.0,   89640.0,   25920.0,   81270.0,   91260.0,   91260.0,   91260.0,   91260.0,   82080.0,   81270.0,   81270.0,   79650.0,   79380.0,   81540.0,   81810.0,   81810.0,   78030.0,   84240.0,   75061.0,   71010.0,  129600.0,  129600.0,   89910.0,  137430.0,   85590.0,  205200.0,   84510.0,   83161.0
   66666.0,  128183.0,   23577.0,   25203.0,       0.0,   72628.0,  139294.0,   10298.0,   66396.0,   74525.0,   62331.0,  101896.0,   83197.0,  123847.0,   73983.0,   38482.0,  136855.0,  137668.0,  133874.0,  128726.0,   84552.0,   55055.0,   61843.0,   76439.0,   73725.0,   75067.0,   57995.0,   67210.0,   73725.0,   74257.0,       0.0,   73981.0,   80190.0,   68311.0,   79110.0,   83431.0,   68311.0,   83431.0,  135541.0,   79110.0,   79110.0,  181981.0,  197101.0,   83430.0,   68311.0,   83431.0,  181981.0,   79110.0,   79110.0,   68311.0,   83431.0,   68310.0,   68581.0,   83431.0,   79110.0,   68311.0,   68311.0,   89641.0,   25920.0,   81270.0,   91260.0,   91260.0,   91260.0,   91260.0,   82080.0,   81270.0,   81270.0,   79650.0,   79380.0,   81540.0,   81810.0,   81810.0,   78030.0,   84240.0,   75060.0,   71010.0,  129600.0,  129600.0,   89910.0,  137430.0,   85590.0,  205200.0,   84510.0,   83160.0
   67404.0,  129603.0,   23838.0,   25482.0,       0.0,   73432.0,  140836.0,   10412.0,   67130.0,   75350.0,   63021.0,  103024.0,   84119.0,  125218.0,   74804.0,   38908.0,  138371.0,  139193.0,  135356.0,  130150.0,   85489.0,   55623.0,   62473.0,   77268.0,   74529.0,   75919.0,   58636.0,   67952.0,   73433.0,   73980.0,   73981.0,       0.0,   81081.0,   69070.0,   79989.0,   84358.0,   69070.0,   84358.0,  137047.0,   79989.0,   79989.0,  184003.0,  199291.0,   84357.0,   69070.0,   84358.0,  184003.0,   79989.0,   79989.0,   69070.0,   84358.0,   69069.0,   69343.0,   84358.0,   79989.0,   69070.0,   69070.0,   90637.0,   26209.0,   82174.0,   92275.0,   92275.0,   92275.0,   92275.0,   82993.0,   82174.0,   82174.0,   80536.0,   80263.0,   82447.0,   82720.0,   82720.0,   78897.0,   85176.0,   75894.0,   71799.0,  131040.0,  131040.0,   90909.0,  138957.0,   86542.0,  207480.0,   85450.0,   84084.0
   73062.0,  140482.0,   25839.0,   27621.0,       0.0,   79596.0,  152658.0,   11286.0,   72765.0,   81675.0,   68310.0,  111672.0,   91179.0,  135729.0,   81081.0,   42174.0,  149985.0,  150876.0,  146718.0,  141076.0,   92665.0,   60291.0,   67716.0,   83754.0,   80784.0,   82269.0,   63558.0,   73657.0,   79596.0,   80190.0,   80190.0,   81081.0,       0.0,   74895.0,   86728.0,   91471.0,   74895.0,   91471.0,  148599.0,   86728.0,   86728.0,  199505.0,  216081.0,   91471.0,   74895.0,   91471.0,  199505.0,   86728.0,   86728.0,   74895.0,   91471.0,   74895.0,   75191.0,   91471.0,   86728.0,   74895.0,   74895.0,   98278.0,   28416.0,   89098.0,  100048.0,  100048.0,  100048.0,  100048.0,   89986.0,   89098.0,   89098.0,   87327.0,   87030.0,   89398.0,   89694.0,   89694.0,   85551.0,   92358.0,   82289.0,   77848.0,  142086.0,  142086.0,   98578.0,  150664.0,   93832.0,  224960.0,   92648.0,   91168.0
   62238.0,  119670.0,   22011.0,   23529.0,       0.0,   67804.0,  130042.0,    9614.0,   61985.0,   69575.0,   58190.0,   95128.0,   77671.0,  115621.0,   69069.0,   35926.0,  127765.0,  128524.0,  124982.0,  120176.0,   78937.0,   51359.0,   57684.0,   71346.0,   68816.0,   70081.0,   54142.0,   62745.0,   67805.0,   68310.0,   68311.0,   69070.0,   74895.0,       0.0,   73838.0,   78790.0,   64713.0,   78783.0,  127243.0,   73838.0,   73838.0,  170440.0,  184529.0,   78787.0,   64696.0,   78766.0,  170449.0,   73838.0,   73838.0,   64719.0,   78947.0,   64906.0,   65154.0,   78918.0,   73838.0,   64877.0,   64885.0,   84740.0,   24192.0,   75952.0,   85176.0,   85176.0,   85176.0,   85176.0,   76697.0,   75956.0,   75950.0,   74427.0,   74174.0,   76195.0,   76442.0,   76444.0,   72920.0,   78704.0,   70109.0,   66311.0,  120979.0,  120979.0,   83935.0,  128268.0,   79884.0,  191520.0,   78876.0,   77616.0
   72079.0,  138589.0,   25492.0,   27250.0,       0.0,   78524.0,  150602.0,   11135.0,   71785.0,   80576.0,   67390.0,  110168.0,   89951.0,  133901.0,   79989.0,   41607.0,  147965.0,  148844.0,  144743.0,  139175.0,   91433.0,   59479.0,   66804.0,   82626.0,   79697.0,   81161.0,   62702.0,   72664.0,   78524.0,   79110.0,   79110.0,   79989.0,   86728.0,   73838.0,       0.0,   90230.0,   73878.0,   90230.0,  146586.0,   86690.0,   86690.0,  196808.0,  213160.0,   90230.0,   73878.0,   90230.0,  196808.0,   86690.0,   86690.0,   73878.0,   90230.0,   73878.0,   74170.0,   90230.0,   86667.0,   73878.0,   73878.0,   96946.0,   28032.0,   87893.0,   98696.0,   98696.0,   98696.0,   98696.0,   88770.0,   87893.0,   87893.0,   86142.0,   85850.0,   88186.0,   88478.0,   88478.0,   84390.0,   91106.0,   81176.0,   76797.0,  140160.0,  140160.0,   97236.0,  148628.0,   92564.0,  221921.0,   91396.0,   89937.0
   76014.0,  146158.0,   26883.0,   28737.0,       0.0,   82812.0,  158826.0,   11742.0,   75705.0,   84975.0,   71070.0,  116184.0,   94863.0,  141213.0,   84357.0,   43878.0,  156045.0,  156972.0,  152646.0,  146776.0,   96409.0,   62727.0,   70452.0,   87138.0,   84048.0,   85593.0,   66126.0,   76633.0,   82813.0,   83430.0,   83431.0,   84358.0,   91471.0,   78790.0,   90230.0,       0.0,   79002.0,   96259.0,  155439.0,   90246.0,   90246.0,  208225.0,  225498.0,   96241.0,   79005.0,   96235.0,  208242.0,   90246.0,   90246.0,   78985.0,   96128.0,   78851.0,   79097.0,   96121.0,   90246.0,   78826.0,   78850.0,  103095.0,   29568.0,   92815.0,  104104.0,  104104.0,  104104.0,  104104.0,   93718.0,   92819.0,   92813.0,   90946.0,   90636.0,   93108.0,   93408.0,   93414.0,   89103.0,   96173.0,   85680.0,   81046.0,  147859.0,  147859.0,  102583.0,  156772.0,   97636.0,  234080.0,   96404.0,   94864.0
   62238.0,  119670.0,   22011.0,   23529.0,       0.0,   67804.0,  130042.0,    9614.0,   61985.0,   69575.0,   58190.0,   95128.0,   77671.0,  115621.0,   69069.0,   35926.0,  127765.0,  128524.0,  124982.0,  120176.0,   78937.0,   51359.0,   57684.0,   71346.0,   68816.0,   70081.0,   54142.0,   62745.0,   67805.0,   68310.0,   68311.0,   69070.0,   74895.0,   64713.0,   73878.0,   79002.0,       0.0,   78945.0,  127365.0,   73838.0,   73838.0,  170546.0,  184616.0,   78956.0,   64896.0,   78936.0,  170551.0,   73838.0,   73838.0,   64869.0,   78795.0,   64730.0,   64911.0,   78816.0,   73838.0,   64707.0,   64745.0,   84558.0,   24192.0,   75961.0,   85176.0,   85176.0,   85176.0,   85176.0,   76698.0,   75965.0,   75959.0,   74427.0,   74172.0,   76202.0,   76440.0,   76448.0,   72918.0,   78701.0,   70112.0,   66316.0,  120979.0,  120979.0,   83935.0,  128268.0,   79884.0,  191520.0,   78876.0,   77616.0
   76014.0,  146158.0,   26883.0,   28737.0,       0.0,   82812.0,  158826.0,   11742.0,   75705.0,   84975.0,   71070.0,  116184.0,   94863.0,  141213.0,   84357.0,   43878.0,  156045.0,  156972.0,  152646.0,  146776.0,   96409.0,   62727.0,   70452.0,   87138.0,   84048.0,   85593.0,   66126.0,   76633.0,   82813.0,   83430.0,   83431.0,   84358.0,   91471.0,   78783.0,   90230.0,   96259.0,   78945.0,       0.0,  155435.0,   90246.0,   90246.0,  208228.0,  225482.0,   96252.0,   78993.0,   96224.0,  208236.0,   90246.0,   90246.0,   79001.0,   96124.0,   78860.0,   79102.0,   96119.0,   90246.0,   78826.0,   78872.0,  103107.0,   29568.0,   92825.0,  104104.0,  104104.0,  104104.0,  104104.0,   93724.0,   92829.0,   92823.0,   90954.0,   90641.0,   93117.0,   93413.0,   93422.0,   89107.0,   96181.0,   85679.0,   81038.0,  147859.0,  147859.0,  102583.0,  156772.0,   97636.0,  234080.0,   96404.0,   94864.0
  123492.0,  237447.0,   43674.0,   46686.0,       0.0,  134536.0,  258028.0,   19076.0,  122990.0,  138050.0,  115460.0,  188752.0,  154114.0,  229414.0,  137046.0,   71284.0,  253510.0,  255016.0,  247988.0,  238451.0,  156625.0,  101906.0,  114456.0,  141564.0,  136544.0,  139054.0,  107428.0,  124497.0,  134537.0,  135540.0,  135541.0,  137047.0,  148599.0,  127243.0,  146586.0,  155439.0,  127365.0,  155435.0,       0.0,  146795.0,  146795.0,  338361.0,  366381.0,  155609.0,  127627.0,  155592.0,  338349.0,  146795.0,  146795.0,  127659.0,  155535.0,  127521.0,  127945.0,  155524.0,  146795.0,  127499.0,  127515.0,  167079.0,   48096.0,  150900.0,  169338.0,  169338.0,  169338.0,  169338.0,  152373.0,  150904.0,  150901.0,  147865.0,  147364.0,  151379.0,  151871.0,  151880.0,  144863.0,  156372.0,  139312.0,  131790.0,  240499.0,  240499.0,  166852.0,  255009.0,  158817.0,  380760.0,  156813.0,  154308.0
   72079.0,  138589.0,   25492.0,   27250.0,       0.0,   78524.0,  150602.0,   11135.0,   71785.0,   80576.0,   67390.0,  110168.0,   89951.0,  133901.0,   79989.0,   41607.0,  147965.0,  148844.0,  144743.0,  139175.0,   91432.0,   59479.0,   66804.0,   82626.0,   79697.0,   81161.0,   62702.0,   72664.0,   78524.0,   79110.0,   79110.0,   79989.0,   86728.0,   73838.0,   86690.0,   90246.0,   73838.0,   90246.0,  146795.0,       0.0,   86689.0,  196808.0,  213160.0,   90230.0,   73878.0,   90230.0,  196808.0,   86689.0,   86690.0,   73878.0,   90230.0,   73878.0,   74170.0,   90230.0,   86673.0,   73878.0,   73878.0,   96946.0,   28032.0,   87893.0,   98696.0,   98696.0,   98696.0,   98696.0,   88770.0,   87893.0,   87893.0,   86142.0,   85850.0,   88186.0,   88478.0,   88478.0,   84390.0,   91106.0,   81176.0,   76797.0,  140160.0,  140160.0,   97236.0,  148628.0,   92564.0,  221921.0,   91396.0,   89937.0
   72079.0,  138589.0,   25492.0,   27250.0,       0.0,   78524.0,  150602.0,   11135.0,   71785.0,   80576.0,   67390.0,  110168.0,   89951.0,  133901.0,   79989.0,   41607.0,  147965.0,  148844.0,  144743.0,  139175.0,   91433.0,   59479.0,   66804.0,   82626.0,   79697.0,   81161.0,   62702.0,   72664.0,   78524.0,   79110.0,   79110.0,   79989.0,   86728.0,   73838.0,   86690.0,   90246.0,   73838.0,   90246.0,  146795.0,   86689.0,       0.0,  196808.0,  213160.0,   90230.0,   73878.0,   90230.0,  196808.0,   86690.0,   86687.0,   73878.0,   90230.0,   73878.0,   74170.0,   90230.0,   86672.0,   73878.0,   73878.0,   96946.0,   28032.0,   87893.0,   98696.0,   98696.0,   98696.0,   98696.0,   88770.0,   87893.0,   87893.0,   86142.0,   85850.0,   88186.0,   88478.0,   88478.0,   84390.0,   91106.0,   81176.0,   76797.0,  140160.0,  140160.0,   97236.0,  148628.0,   92564.0,  221921.0,   91396.0,   89937.0
  165804.0,  318803.0,   58638.0,   62682.0,       0.0,  180632.0,  346436.0,   25612.0,  165130.0,  185350.0,  155020.0,  253424.0,  206918.0,  308018.0,  184002.0,   95708.0,  340370.0,  342392.0,  332956.0,  320151.0,  210289.0,  136822.0,  153672.0,  190068.0,  183328.0,  186698.0,  144236.0,  167153.0,  180633.0,  181980.0,  181981.0,  184003.0,  199505.0,  170440.0,  196808.0,  208225.0,  170546.0,  208228.0,  338361.0,  196808.0,  196808.0,       0.0,  491957.0,  208615.0,  170983.0,  208585.0,  454318.0,  197189.0,  197189.0,  170958.0,  208526.0,  170877.0,  171500.0,  208553.0,  197189.0,  170885.0,  170890.0,  224029.0,   64608.0,  202624.0,  227474.0,  227474.0,  227474.0,  227474.0,  204637.0,  202628.0,  202625.0,  198578.0,  197906.0,  203288.0,  203961.0,  203960.0,  194546.0,  210011.0,  187113.0,  177019.0,  323046.0,  323046.0,  224115.0,  342557.0,  213341.0,  511480.0,  210649.0,  207284.0
