JQLU01000005.1,EDR99618.1,JQKK01000015.1,AUJT01000030.1,ATWC01000054.1,ACV39665.1,ERL25782.1,KB890278.1,ERK53440.1,ERK48421.1,ERK47820.1,KGL43917.1,CBH27300.1,EUJ40903.1,ADQ78341.1,ETE53770.1,CDC65743.1,LARF01000048.1,ACOK01000100.1,JTLD01000029.1,GAE20957.1,EKB54193.1,AEK23281.1,KN549099.1,KIX21336.1,CCB70204.1,AMA48551.1,AEW86266.1,EHO06562.1,EHO08761.1,EKB06014.1,ADQ80738.1,KGE88582.1,KGL55352.1,ALJ25681.1,ALJ26029.1,ALO30226.1,ALA94104.1,GAP82240.1,ERJ81987.1,ERJ65637.1,ERJ65503.1,ERJ64231.1,AIJ36392.1,EOA10535.1,BAK25606.1,ERJ88434.1,ERJ87335.1,EIW94777.1,AAQ65551.1,KGN88274.1,KKC50278.1,KGN87312.1,KGN85385.1,KGN76020.1,KGO05347.1,KGL48767.1,KB899147.1,JHUW01000010.1,EJP27887.1,KIP58075.1,KIP63359.1,KIP62088.1,KIP58950.1,BAKF01000019.1,EFU31981.1,JVYU01002440.1,BAJY01000004.1,AFJ07523.1,KE392225.1,KJJ86756.1,EGQ18444.1,ERJ98772.1,BAJN01000005.1,EKY00089.1,BAKN01000001.1,AKP71851.1,AGC41344.1,AKQ40303.1,JTLI01000096.1,KDE72144.1,EHO19081.1,EIJ68860.1,JHXW01000011.1
       0.0,  121077.0,   23824.0,   25375.0,     145.0,   69503.0,  131455.0,   11585.0,   63724.0,   71270.0,   59973.0,   96707.0,   79367.0,  117111.0,   70772.0,   37655.0,  129132.0,  129886.0,  126362.0,  121542.0,   80511.0,   53067.0,   59373.0,   72934.0,   70493.0,   71770.0,   55911.0,   64464.0,   69445.0,   69943.0,   69943.0,   70695.0,   76470.0,   65356.0,   75450.0,   79477.0,   65369.0,   79476.0,  128089.0,   75456.0,   75454.0,  171417.0,  185521.0,   79475.0,   65371.0,   79466.0,  171425.0,   75455.0,   75456.0,   65367.0,   79473.0,   65350.0,   65607.0,   79468.0,   75450.0,   65348.0,   65364.0,   85261.0,   25811.0,   77504.0,   86792.0,   86794.0,   86793.0,   86785.0,   78266.0,   77500.0,   77512.0,   76011.0,   75741.0,   77805.0,   77998.0,   78062.0,   74487.0,   80285.0,   71668.0,   67910.0,  122576.0,  122573.0,   85548.0,  129923.0,   81612.0,  193175.0,   80617.0,   79339.0
  121077.0,       0.0,   45141.0,   48020.0,     136.0,  131892.0,  249700.0,   21779.0,  120864.0,  135262.0,  113699.0,  183558.0,  150513.0,  222344.0,  134234.0,   71457.0,  245501.0,  246928.0,  240202.0,  230943.0,  152890.0,  100712.0,  112684.0,  138523.0,  133772.0,  136162.0,  105981.0,  122272.0,  131817.0,  132774.0,  132768.0,  134214.0,  145226.0,  124145.0,  143304.0,  150987.0,  124157.0,  150983.0,  243407.0,  143306.0,  143307.0,  325775.0,  352596.0,  150981.0,  124162.0,  150974.0,  325780.0,  143307.0,  143307.0,  124163.0,  150969.0,  124144.0,  124617.0,  150967.0,  143304.0,  124147.0,  124150.0,  161985.0,   48931.0,  147154.0,  164856.0,  164868.0,  164853.0,  164849.0,  148591.0,  147158.0,  147154.0,  144288.0,  143813.0,  147666.0,  148112.0,  148139.0,  141404.0,  152419.0,  136122.0,  128935.0,  232864.0,  232865.0,  162462.0,  246801.0,  154863.0,  366988.0,  152945.0,  150547.0
   23824.0,   45141.0,       0.0,    9639.0,     363.0,   25749.0,   48595.0,    4410.0,   23645.0,   26416.0,   22258.0,   35733.0,   29344.0,   43254.0,   26174.0,   13958.0,   47730.0,   48012.0,   46730.0,   44921.0,   29790.0,   19669.0,   22009.0,   26998.0,   26079.0,   26594.0,   20713.0,   23867.0,   25728.0,   25915.0,   25901.0,   26165.0,   28271.0,   24179.0,   27888.0,   29390.0,   24185.0,   29395.0,   47318.0,   27888.0,   27890.0,   63306.0,   68512.0,   29392.0,   24190.0,   29381.0,   63306.0,   27891.0,   27888.0,   24189.0,   29382.0,   24182.0,   24270.0,   29378.0,   27891.0,   24185.0,   24182.0,   31520.0,    9606.0,   28666.0,   32114.0,   32101.0,   32109.0,   32105.0,   28960.0,   28663.0,   28662.0,   28143.0,   28024.0,   28763.0,   28861.0,   28852.0,   27570.0,   29723.0,   26526.0,   25121.0,   45273.0,   45278.0,   31629.0,   48030.0,   30214.0,   71342.0,   29838.0,   29393.0
   25375.0,   48020.0,    9639.0,       0.0,     372.0,   27416.0,   51750.0,    4727.0,   25166.0,   28134.0,   23675.0,   38029.0,   31214.0,   46044.0,   27841.0,   14850.0,   50813.0,   51117.0,   49706.0,   47817.0,   31690.0,   20921.0,   23419.0,   28730.0,   27770.0,   28240.0,   22040.0,   25407.0,   27350.0,   27549.0,   27548.0,   27847.0,   30114.0,   25762.0,   29714.0,   31303.0,   25769.0,   31301.0,   50381.0,   29717.0,   29715.0,   67385.0,   72925.0,   31295.0,   25767.0,   31300.0,   67387.0,   29714.0,   29714.0,   25771.0,   31305.0,   25760.0,   25865.0,   31294.0,   29720.0,   25762.0,   25764.0,   33582.0,   10231.0,   30527.0,   34182.0,   34180.0,   34186.0,   34176.0,   30804.0,   30525.0,   30524.0,   29928.0,   29813.0,   30615.0,   30692.0,   30708.0,   29317.0,   31601.0,   28231.0,   26771.0,   48222.0,   48216.0,   33687.0,   51131.0,   32186.0,   75944.0,   31786.0,   31293.0
     145.0,     136.0,     363.0,     372.0,       0.0,     213.0,     187.0,     286.0,     216.0,     226.0,     240.0,     140.0,     128.0,     113.0,     126.0,     103.0,     150.0,     138.0,     129.0,      84.0,     134.0,     175.0,     203.0,     146.0,     170.0,     149.0,     180.0,     176.0,     148.0,     139.0,     150.0,     144.0,     130.0,     164.0,     107.0,     152.0,     170.0,     154.0,     131.0,     102.0,     104.0,     100.0,      88.0,     153.0,     165.0,     153.0,     100.0,     106.0,     104.0,     165.0,     146.0,     159.0,     161.0,     150.0,     110.0,     159.0,     162.0,     157.0,     120.0,     135.0,     101.0,     104.0,      98.0,     101.0,     171.0,     140.0,     139.0,     190.0,     154.0,     158.0,     150.0,     159.0,     150.0,     167.0,     110.0,     123.0,      93.0,     100.0,     122.0,     141.0,     185.0,     103.0,     176.0,     222.0
   69503.0,  131892.0,   25749.0,   27416.0,     213.0,       0.0,  143759.0,   12741.0,   69417.0,   78448.0,   65635.0,  105117.0,   86229.0,  127304.0,   76905.0,   40889.0,  140414.0,  141235.0,  137382.0,  132147.0,   87496.0,   57768.0,   64596.0,   79350.0,   76676.0,   78069.0,   60787.0,   70080.0,   75532.0,   76081.0,   76072.0,   76912.0,   83133.0,   71092.0,   82062.0,   86427.0,   71098.0,   86426.0,  139291.0,   82060.0,   82062.0,  186412.0,  201738.0,   86428.0,   71098.0,   86435.0,  186412.0,   82071.0,   82063.0,   71099.0,   86422.0,   71095.0,   71365.0,   86422.0,   82060.0,   71092.0,   71097.0,   92732.0,   28093.0,   84275.0,   94388.0,   94376.0,   94383.0,   94382.0,   85142.0,   84271.0,   84286.0,   82668.0,   82408.0,   84585.0,   84854.0,   84860.0,   81032.0,   87293.0,   77925.0,   73832.0,  133285.0,  133283.0,   93031.0,  141395.0,   88770.0,  210046.0,   87644.0,   86340.0
  131455.0,  249700.0,   48595.0,   51750.0,     187.0,  143759.0,       0.0,   23764.0,  131351.0,  147562.0,  123815.0,  199296.0,  163447.0,  241407.0,  145753.0,   77528.0,  266360.0,  267911.0,  260608.0,  250717.0,  165969.0,  109380.0,  122364.0,  150399.0,  145264.0,  147878.0,  115110.0,  132780.0,  143150.0,  144189.0,  144188.0,  145749.0,  157650.0,  134795.0,  155573.0,  163915.0,  134804.0,  163916.0,  264247.0,  155573.0,  155575.0,  353681.0,  382788.0,  163916.0,  134801.0,  163917.0,  353680.0,  155577.0,  155574.0,  134801.0,  163908.0,  134794.0,  135317.0,  163905.0,  155571.0,  134793.0,  134794.0,  175870.0,   53156.0,  159782.0,  178969.0,  178967.0,  178969.0,  178969.0,  161394.0,  159782.0,  159809.0,  156699.0,  156183.0,  160307.0,  160844.0,  160844.0,  153584.0,  165526.0,  147766.0,  139996.0,  252834.0,  252828.0,  176415.0,  268028.0,  168185.0,  398455.0,  166081.0,  163540.0
   11585.0,   21779.0,    4410.0,    4727.0,     286.0,   12741.0,   23764.0,       0.0,   11611.0,   12842.0,   10922.0,   16991.0,   14031.0,   20550.0,   12505.0,    6653.0,   22681.0,   22810.0,   22224.0,   21320.0,   14168.0,    9555.0,   10663.0,   12913.0,   12638.0,   12839.0,   10006.0,   11470.0,   12322.0,   12404.0,   12409.0,   12522.0,   13470.0,   11523.0,   13304.0,   13985.0,   11539.0,   13986.0,   22454.0,   13296.0,   13297.0,   30002.0,   32445.0,   13991.0,   11544.0,   13991.0,   30001.0,   13296.0,   13298.0,   11542.0,   13983.0,   11523.0,   11574.0,   13984.0,   13304.0,   11517.0,   11524.0,   14993.0,    4616.0,   13705.0,   15296.0,   15283.0,   15275.0,   15294.0,   13890.0,   13705.0,   13702.0,   13504.0,   13427.0,   13830.0,   13826.0,   13855.0,   13221.0,   14226.0,   12632.0,   12007.0,   21541.0,   21540.0,   15107.0,   22968.0,   14556.0,   33911.0,   14381.0,   14270.0
   63724.0,  120864.0,   23645.0,   25166.0,     216.0,   69417.0,  131351.0,   11611.0,       0.0,   71164.0,   59988.0,   96338.0,   79004.0,  116637.0,   70514.0,   37477.0,  128668.0,  129420.0,  125886.0,  121072.0,   80213.0,   53000.0,   59289.0,   72711.0,   70309.0,   71602.0,   55791.0,   64291.0,   69285.0,   69775.0,   69779.0,   70461.0,   76191.0,   65152.0,   75151.0,   79199.0,   65153.0,   79203.0,  127607.0,   75150.0,   75150.0,  170769.0,  184807.0,   79202.0,   65157.0,   79201.0,  170772.0,   75147.0,   75150.0,   65155.0,   79201.0,   65154.0,   65402.0,   79214.0,   75151.0,   65147.0,   65155.0,   84977.0,   25708.0,   77244.0,   86474.0,   86468.0,   86468.0,   86457.0,   78067.0,   77247.0,   77249.0,   75820.0,   75536.0,   77558.0,   77792.0,   77832.0,   74325.0,   80069.0,   71432.0,   67681.0,  122139.0,  122148.0,   85262.0,  129594.0,   81432.0,  192475.0,   80427.0,   79197.0
   71270.0,  135262.0,   26416.0,   28134.0,     226.0,   78448.0,  147562.0,   12842.0,   71164.0,       0.0,   67332.0,  107783.0,   88433.0,  130536.0,   78860.0,   41945.0,  143991.0,  144836.0,  140893.0,  135542.0,   89751.0,   59243.0,   66235.0,   81360.0,   78658.0,   80063.0,   62342.0,   71876.0,   77461.0,   78018.0,   78019.0,   78874.0,   85262.0,   72902.0,   84128.0,   88633.0,   72915.0,   88632.0,  142844.0,   84131.0,   84130.0,  191166.0,  206886.0,   88635.0,   72916.0,   88636.0,  191170.0,   84133.0,   84133.0,   72913.0,   88618.0,   72902.0,   73181.0,   88628.0,   84132.0,   72894.0,   72902.0,   95090.0,   28810.0,   86429.0,   96805.0,   96806.0,   96815.0,   96801.0,   87321.0,   86432.0,   86453.0,   84754.0,   84522.0,   86781.0,   87031.0,   87049.0,   83123.0,   89536.0,   79913.0,   75704.0,  136707.0,  136704.0,   95421.0,  144975.0,   91065.0,  215412.0,   89906.0,   88559.0
   59973.0,  113699.0,   22258.0,   23675.0,     240.0,   65635.0,  123815.0,   10922.0,   59988.0,   67332.0,       0.0,   90576.0,   74334.0,  109669.0,   66288.0,   35245.0,  120995.0,  121704.0,  118375.0,  113837.0,   75413.0,   49814.0,   55655.0,   68363.0,   66126.0,   67291.0,   52406.0,   60408.0,   65107.0,   65564.0,   65572.0,   66261.0,   71641.0,   61262.0,   70645.0,   74467.0,   61259.0,   74460.0,  119980.0,   70647.0,   70647.0,  160549.0,  173753.0,   74467.0,   61262.0,   74468.0,  160546.0,   70652.0,   70647.0,   61266.0,   74456.0,   61264.0,   61500.0,   74468.0,   70651.0,   61257.0,   61261.0,   79896.0,   24199.0,   72621.0,   81352.0,   81359.0,   81348.0,   81342.0,   73393.0,   72617.0,   72639.0,   71234.0,   71007.0,   72917.0,   73112.0,   73153.0,   69841.0,   75255.0,   67136.0,   63633.0,  114839.0,  114839.0,   80176.0,  121869.0,   76548.0,  180976.0,   75589.0,   74460.0
   96707.0,  183558.0,   35733.0,   38029.0,     140.0,  105117.0,  199296.0,   16991.0,   96338.0,  107783.0,   90576.0,       0.0,  120204.0,  178290.0,  107145.0,   57019.0,  195696.0,  196838.0,  191456.0,  184196.0,  121946.0,   80332.0,   89897.0,  110519.0,  106699.0,  108596.0,   84548.0,   97525.0,  105137.0,  105898.0,  105901.0,  107069.0,  115842.0,   99032.0,  114300.0,  120416.0,   99028.0,  120418.0,  194113.0,  114299.0,  114299.0,  259813.0,  281200.0,  120416.0,   99033.0,  120414.0,  259815.0,  114301.0,  114301.0,   99022.0,  120412.0,   99035.0,   99412.0,  120414.0,  114303.0,   99032.0,   99036.0,  129202.0,   39061.0,  117371.0,  131481.0,  131480.0,  131480.0,  131473.0,  118515.0,  117370.0,  117362.0,  115109.0,  114711.0,  117775.0,  118135.0,  118160.0,  112810.0,  121593.0,  108550.0,  102850.0,  185721.0,  185724.0,  129583.0,  196835.0,  123531.0,  292701.0,  122010.0,  120087.0
   79367.0,  150513.0,   29344.0,   31214.0,     128.0,   86229.0,  163447.0,   14031.0,   79004.0,   88433.0,   74334.0,  120204.0,       0.0,  145483.0,   87854.0,   46702.0,  160369.0,  161296.0,  156893.0,  150943.0,   99943.0,   65876.0,   73689.0,   90572.0,   87489.0,   89059.0,   69318.0,   79949.0,   86208.0,   86829.0,   86828.0,   87781.0,   94937.0,   81137.0,   93671.0,   98653.0,   81136.0,   98655.0,  159056.0,   93670.0,   93670.0,  212889.0,  230400.0,   98653.0,   81144.0,   98656.0,  212887.0,   93667.0,   93670.0,   81138.0,   98655.0,   81143.0,   81447.0,   98656.0,   93666.0,   81136.0,   81135.0,  105860.0,   32037.0,   96217.0,  107759.0,  107753.0,  107758.0,  107761.0,   97140.0,   96212.0,   96216.0,   94329.0,   93988.0,   96526.0,   96804.0,   96842.0,   92455.0,   99637.0,   88995.0,   84308.0,  152207.0,  152213.0,  106212.0,  161376.0,  101285.0,  239875.0,  100031.0,   98461.0
  117111.0,  222344.0,   43254.0,   46044.0,     113.0,  127304.0,  241407.0,   20550.0,  116637.0,  130536.0,  109669.0,  178290.0,  145483.0,       0.0,  129808.0,   69080.0,  237151.0,  238535.0,  232033.0,  223237.0,  147776.0,   97326.0,  108914.0,  133911.0,  129283.0,  131590.0,  102437.0,  118164.0,  127410.0,  128334.0,  128335.0,  129737.0,  140380.0,  120001.0,  138504.0,  145919.0,  119997.0,  145919.0,  235259.0,  138505.0,  138506.0,  314888.0,  340812.0,  145921.0,  119998.0,  145919.0,  314890.0,  138505.0,  138507.0,  119989.0,  145919.0,  120006.0,  120460.0,  145922.0,  138507.0,  120002.0,  120006.0,  156572.0,   47319.0,  142239.0,  159334.0,  159330.0,  159328.0,  159331.0,  143619.0,  142234.0,  142234.0,  139477.0,  138997.0,  142714.0,  143150.0,  143181.0,  136688.0,  147338.0,  131554.0,  124623.0,  225087.0,  225089.0,  157042.0,  238542.0,  149679.0,  354745.0,  147831.0,  145489.0
   70772.0,  134234.0,   26174.0,   27841.0,     126.0,   76905.0,  145753.0,   12505.0,   70514.0,   78860.0,   66288.0,  107145.0,   87854.0,  129808.0,       0.0,   41674.0,  142944.0,  143774.0,  139862.0,  134546.0,   89107.0,   58739.0,   65705.0,   80757.0,   78026.0,   79377.0,   61805.0,   71285.0,   76839.0,   77391.0,   77390.0,   78245.0,   84616.0,   72367.0,   83525.0,   87981.0,   72365.0,   87980.0,  141807.0,   83525.0,   83526.0,  189778.0,  205388.0,   87978.0,   72371.0,   87975.0,  189776.0,   83529.0,   83524.0,   72375.0,   87983.0,   72369.0,   72649.0,   87984.0,   83525.0,   72363.0,   72364.0,   94395.0,   28581.0,   85759.0,   96046.0,   96054.0,   96047.0,   96049.0,   86603.0,   85759.0,   85773.0,   84070.0,   83818.0,   86046.0,   86323.0,   86341.0,   82412.0,   88824.0,   79328.0,   75153.0,  135663.0,  135669.0,   94667.0,  143805.0,   90274.0,  213805.0,   89149.0,   87752.0
   37655.0,   71457.0,   13958.0,   14850.0,     103.0,   40889.0,   77528.0,    6653.0,   37477.0,   41945.0,   35245.0,   57019.0,   46702.0,   69080.0,   41674.0,       0.0,   75843.0,   76270.0,   74216.0,   71399.0,   47289.0,   31186.0,   34871.0,   42854.0,   41338.0,   42101.0,   32785.0,   37810.0,   40780.0,   41080.0,   41081.0,   41524.0,   44951.0,   38434.0,   44358.0,   46711.0,   38434.0,   46711.0,   75266.0,   44357.0,   44357.0,  100716.0,  108994.0,   46724.0,   38435.0,   46716.0,  100710.0,   44359.0,   44355.0,   38429.0,   46711.0,   38438.0,   38579.0,   46711.0,   44352.0,   38438.0,   38433.0,   50122.0,   15204.0,   45504.0,   50989.0,   50982.0,   50981.0,   50981.0,   45958.0,   45500.0,   45504.0,   44626.0,   44467.0,   45653.0,   45802.0,   45799.0,   43743.0,   47144.0,   42115.0,   39875.0,   72004.0,   71999.0,   50259.0,   76265.0,   47862.0,  113401.0,   47265.0,   46543.0
  129132.0,  245501.0,   47730.0,   50813.0,     150.0,  140414.0,  266360.0,   22681.0,  128668.0,  143991.0,  120995.0,  195696.0,  160369.0,  237151.0,  142944.0,   75843.0,       0.0,  264101.0,  256303.0,  246369.0,  163088.0,  107424.0,  120202.0,  147791.0,  142678.0,  145249.0,  113070.0,  130429.0,  140631.0,  141657.0,  141666.0,  143185.0,  154894.0,  132417.0,  152867.0,  161038.0,  132425.0,  161041.0,  259641.0,  152867.0,  152866.0,  347527.0,  376140.0,  161039.0,  132426.0,  161039.0,  347534.0,  152870.0,  152868.0,  132427.0,  161036.0,  132424.0,  132933.0,  161033.0,  152867.0,  132414.0,  132424.0,  172785.0,   52229.0,  156960.0,  175874.0,  175880.0,  175875.0,  175867.0,  158515.0,  156954.0,  156973.0,  153909.0,  153410.0,  157481.0,  158002.0,  158003.0,  150839.0,  162602.0,  145203.0,  137543.0,  248408.0,  248407.0,  173305.0,  263265.0,  165191.0,  391515.0,  163144.0,  160611.0
  129886.0,  246928.0,   48012.0,   51117.0,     138.0,  141235.0,  267911.0,   22810.0,  129420.0,  144836.0,  121704.0,  196838.0,  161296.0,  238535.0,  143774.0,   76270.0,  264101.0,       0.0,  257799.0,  247815.0,  164048.0,  108049.0,  120912.0,  148649.0,  143513.0,  146093.0,  113727.0,  131186.0,  141442.0,  142472.0,  142480.0,  144023.0,  155794.0,  133192.0,  153765.0,  161980.0,  133197.0,  161978.0,  261163.0,  153767.0,  153765.0,  349561.0,  378345.0,  161977.0,  133198.0,  161982.0,  349568.0,  153768.0,  153767.0,  133199.0,  161981.0,  133199.0,  133715.0,  161977.0,  153768.0,  133191.0,  133200.0,  173798.0,   52530.0,  157875.0,  176903.0,  176914.0,  176904.0,  176899.0,  159439.0,  157872.0,  157890.0,  154805.0,  154309.0,  158401.0,  158933.0,  158924.0,  151722.0,  163554.0,  146062.0,  138349.0,  249867.0,  249866.0,  174324.0,  264807.0,  166164.0,  393815.0,  164107.0,  161545.0
  126362.0,  240202.0,   46730.0,   49706.0,     129.0,  137382.0,  260608.0,   22224.0,  125886.0,  140893.0,  118375.0,  191456.0,  156893.0,  232033.0,  139862.0,   74216.0,  256303.0,  257799.0,       0.0,  241075.0,  159581.0,  105109.0,  117594.0,  144594.0,  139609.0,  142128.0,  110600.0,  127593.0,  137576.0,  138579.0,  138580.0,  140123.0,  151568.0,  129577.0,  149588.0,  157585.0,  129587.0,  157580.0,  254067.0,  149589.0,  149586.0,  340059.0,  368054.0,  157578.0,  129589.0,  157575.0,  340056.0,  149585.0,  149586.0,  129582.0,  157579.0,  129582.0,  130079.0,  157578.0,  149584.0,  129577.0,  129580.0,  169074.0,   51069.0,  153576.0,  172085.0,  172087.0,  172086.0,  172083.0,  155114.0,  153575.0,  153580.0,  150611.0,  150080.0,  154113.0,  154585.0,  154612.0,  147606.0,  159099.0,  142097.0,  134573.0,  243075.0,  243074.0,  169585.0,  257605.0,  161654.0,  383079.0,  159654.0,  157158.0
  121542.0,  230943.0,   44921.0,   47817.0,      84.0,  132147.0,  250717.0,   21320.0,  121072.0,  135542.0,  113837.0,  184196.0,  150943.0,  223237.0,  134546.0,   71399.0,  246369.0,  247815.0,  241075.0,       0.0,  153544.0,  101131.0,  113146.0,  139084.0,  134301.0,  136692.0,  106403.0,  122760.0,  132358.0,  133320.0,  133315.0,  134787.0,  145838.0,  124674.0,  143926.0,  151606.0,  124671.0,  151604.0,  244424.0,  143926.0,  143926.0,  327143.0,  354077.0,  151606.0,  124673.0,  151602.0,  327139.0,  143924.0,  143928.0,  124670.0,  151604.0,  124675.0,  125158.0,  151605.0,  143925.0,  124670.0,  124670.0,  162666.0,   49162.0,  147738.0,  165540.0,  165534.0,  165538.0,  165537.0,  149216.0,  147736.0,  147735.0,  144896.0,  144401.0,  148239.0,  148743.0,  148713.0,  142011.0,  153072.0,  136678.0,  129493.0,  233841.0,  233840.0,  163148.0,  247794.0,  155470.0,  368499.0,  153548.0,  151155.0
   80511.0,  152890.0,   29790.0,   31690.0,     134.0,   87496.0,  165969.0,   14168.0,   80213.0,   89751.0,   75413.0,  121946.0,   99943.0,  147776.0,   89107.0,   47289.0,  163088.0,  164048.0,  159581.0,  153544.0,       0.0,   66941.0,   74874.0,   92016.0,   88855.0,   90421.0,   70419.0,   81220.0,   87586.0,   88219.0,   88216.0,   89159.0,   96469.0,   82469.0,   95360.0,  100280.0,   82483.0,  100288.0,  161641.0,   95356.0,   95362.0,  216312.0,  234115.0,  100284.0,   82488.0,  100281.0,  216315.0,   95361.0,   95357.0,   82485.0,  100280.0,   82476.0,   82794.0,  100280.0,   95355.0,   82473.0,   82472.0,  107588.0,   32566.0,   97741.0,  109510.0,  109521.0,  109510.0,  109513.0,   98706.0,   97732.0,   97745.0,   95851.0,   95539.0,   98087.0,   98404.0,   98397.0,   93959.0,  101270.0,   90433.0,   85630.0,  154652.0,  154649.0,  107918.0,  163871.0,  102886.0,  243688.0,  101617.0,   99999.0
   53067.0,  100712.0,   19669.0,   20921.0,     175.0,   57768.0,  109380.0,    9555.0,   53000.0,   59243.0,   49814.0,   80332.0,   65876.0,   97326.0,   58739.0,   31186.0,  107424.0,  108049.0,  105109.0,  101131.0,   66941.0,       0.0,   49764.0,   60649.0,   58628.0,   59551.0,   46489.0,   53588.0,   57887.0,   58307.0,   58300.0,   58688.0,   63443.0,   54277.0,   62633.0,   65975.0,   54280.0,   65980.0,  106279.0,   62630.0,   62631.0,  142223.0,  153910.0,   65972.0,   54274.0,   65977.0,  142217.0,   62626.0,   62628.0,   54277.0,   65972.0,   54268.0,   54480.0,   65978.0,   62624.0,   54273.0,   54279.0,   70787.0,   21480.0,   64291.0,   72007.0,   72008.0,   72003.0,   72000.0,   64975.0,   64299.0,   64311.0,   63092.0,   62874.0,   64525.0,   64731.0,   64750.0,   61855.0,   66663.0,   59495.0,   56377.0,  101710.0,  101703.0,   71000.0,  107822.0,   67753.0,  160242.0,   66897.0,   65870.0
   59373.0,  112684.0,   22009.0,   23419.0,     203.0,   64596.0,  122364.0,   10663.0,   59289.0,   66235.0,   55655.0,   89897.0,   73689.0,  108914.0,   65705.0,   34871.0,  120202.0,  120912.0,  117594.0,  113146.0,   74874.0,   49764.0,       0.0,   67903.0,   65592.0,   66675.0,   52021.0,   59966.0,   64731.0,   65200.0,   65188.0,   65658.0,   71034.0,   60714.0,   70079.0,   73808.0,   60714.0,   73808.0,  118943.0,   70081.0,   70082.0,  159179.0,  172266.0,   73800.0,   60716.0,   73808.0,  159180.0,   70082.0,   70081.0,   60717.0,   73809.0,   60716.0,   60950.0,   73812.0,   70077.0,   60719.0,   60720.0,   79193.0,   23997.0,   71991.0,   80596.0,   80598.0,   80590.0,   80599.0,   72720.0,   71980.0,   71990.0,   70629.0,   70364.0,   72242.0,   72450.0,   72470.0,   69220.0,   74598.0,   66581.0,   63080.0,  113881.0,  113881.0,   79509.0,  120696.0,   75797.0,  179368.0,   74864.0,   73702.0
   72934.0,  138523.0,   26998.0,   28730.0,     146.0,   79350.0,  150399.0,   12913.0,   72711.0,   81360.0,   68363.0,  110519.0,   90572.0,  133911.0,   80757.0,   42854.0,  147791.0,  148649.0,  144594.0,  139084.0,   92016.0,   60649.0,   67903.0,       0.0,   80637.0,   81939.0,   63900.0,   73689.0,   79420.0,   79998.0,   80001.0,   80770.0,   87386.0,   74710.0,   86218.0,   90828.0,   74705.0,   90829.0,  146386.0,   86222.0,   86223.0,  195910.0,  212035.0,   90828.0,   74705.0,   90828.0,  195908.0,   86221.0,   86219.0,   74704.0,   90832.0,   74714.0,   74996.0,   90839.0,   86215.0,   74705.0,   74707.0,   97449.0,   29493.0,   88525.0,   99182.0,   99184.0,   99183.0,   99183.0,   89407.0,   88537.0,   88532.0,   86868.0,   86544.0,   88833.0,   89132.0,   89139.0,   85112.0,   91731.0,   81919.0,   77590.0,  140088.0,  140086.0,   97770.0,  148453.0,   93201.0,  220693.0,   92041.0,   90624.0
   70493.0,  133772.0,   26079.0,   27770.0,     170.0,   76676.0,  145264.0,   12638.0,   70309.0,   78658.0,   66126.0,  106699.0,   87489.0,  129283.0,   78026.0,   41338.0,  142678.0,  143513.0,  139609.0,  134301.0,   88855.0,   58628.0,   65592.0,   80637.0,       0.0,   79190.0,   61834.0,   71271.0,   76693.0,   77249.0,   77248.0,   78006.0,   84374.0,   72115.0,   83230.0,   87694.0,   72132.0,   87690.0,  141315.0,   83233.0,   83236.0,  189111.0,  204673.0,   87690.0,   72135.0,   87696.0,  189112.0,   83231.0,   83232.0,   72142.0,   87680.0,   72114.0,   72395.0,   87680.0,   83233.0,   72117.0,   72115.0,   94070.0,   28463.0,   85500.0,   95734.0,   95729.0,   95732.0,   95731.0,   86396.0,   85501.0,   85519.0,   83914.0,   83593.0,   85848.0,   86108.0,   86119.0,   82217.0,   88590.0,   79078.0,   74933.0,  135257.0,  135267.0,   94422.0,  143399.0,   90044.0,  213110.0,   88946.0,   87594.0
   71770.0,  136162.0,   26594.0,   28240.0,     149.0,   78069.0,  147878.0,   12839.0,   71602.0,   80063.0,   67291.0,  108596.0,   89059.0,  131590.0,   79377.0,   42101.0,  145249.0,  146093.0,  142128.0,  136692.0,   90421.0,   59551.0,   66675.0,   81939.0,   79190.0,       0.0,   62778.0,   72375.0,   77992.0,   78556.0,   78568.0,   79526.0,   85872.0,   73399.0,   84717.0,   89232.0,   73400.0,   89236.0,  143830.0,   84720.0,   84725.0,  192487.0,  208326.0,   89235.0,   73396.0,   89244.0,  192491.0,   84729.0,   84721.0,   73398.0,   89234.0,   73402.0,   73684.0,   89238.0,   84722.0,   73394.0,   73401.0,   95750.0,   28995.0,   87025.0,   97476.0,   97481.0,   97484.0,   97473.0,   87936.0,   87016.0,   87017.0,   85358.0,   85099.0,   87358.0,   87629.0,   87639.0,   83683.0,   90189.0,   80462.0,   76258.0,  137639.0,  137653.0,   96061.0,  145929.0,   91610.0,  216891.0,   90469.0,   89098.0
   55911.0,  105981.0,   20713.0,   22040.0,     180.0,   60787.0,  115110.0,   10006.0,   55791.0,   62342.0,   52406.0,   84548.0,   69318.0,  102437.0,   61805.0,   32785.0,  113070.0,  113727.0,  110600.0,  106403.0,   70419.0,   46489.0,   52021.0,   63900.0,   61834.0,   62778.0,       0.0,   57386.0,   60722.0,   61162.0,   61149.0,   61774.0,   66796.0,   57104.0,   65892.0,   69417.0,   57110.0,   69420.0,  111859.0,   65900.0,   65898.0,  149689.0,  161990.0,   69421.0,   57109.0,   69419.0,  149684.0,   65901.0,   65900.0,   57108.0,   69424.0,   57102.0,   57324.0,   69422.0,   65898.0,   57101.0,   57105.0,   74477.0,   22556.0,   67682.0,   75800.0,   75800.0,   75800.0,   75797.0,   68411.0,   67683.0,   67683.0,   66452.0,   66190.0,   67945.0,   68154.0,   68160.0,   65089.0,   70158.0,   62574.0,   59341.0,  107070.0,  107074.0,   74753.0,  113519.0,   71254.0,  168653.0,   70399.0,   69356.0
   64464.0,  122272.0,   23867.0,   25407.0,     176.0,   70080.0,  132780.0,   11470.0,   64291.0,   71876.0,   60408.0,   97525.0,   79949.0,  118164.0,   71285.0,   37810.0,  130429.0,  131186.0,  127593.0,  122760.0,   81220.0,   53588.0,   59966.0,   73689.0,   71271.0,   72375.0,   57386.0,       0.0,   70066.0,   70575.0,   70568.0,   71276.0,   77102.0,   65904.0,   76072.0,   80127.0,   65913.0,   80130.0,  129132.0,   76080.0,   76078.0,  172810.0,  187016.0,   80130.0,   65912.0,   80127.0,  172804.0,   76079.0,   76079.0,   65916.0,   80132.0,   65905.0,   66156.0,   80132.0,   76078.0,   65906.0,   65907.0,   85966.0,   26017.0,   78126.0,   87498.0,   87490.0,   87493.0,   87489.0,   78934.0,   78119.0,   78132.0,   76660.0,   76383.0,   78407.0,   78655.0,   78665.0,   75103.0,   80967.0,   72231.0,   68489.0,  123580.0,  123583.0,   86261.0,  131012.0,   82242.0,  194689.0,   81240.0,   79997.0
   69445.0,  131817.0,   25728.0,   27350.0,     148.0,   75532.0,  143150.0,   12322.0,   69285.0,   77461.0,   65107.0,  105137.0,   86208.0,  127410.0,   76839.0,   40780.0,  140631.0,  141442.0,  137576.0,  132358.0,   87586.0,   57887.0,   64731.0,   79420.0,   76693.0,   77992.0,   60722.0,   70066.0,       0.0,   77200.0,   77202.0,   76844.0,   83145.0,   71090.0,   82039.0,   86429.0,   71090.0,   86436.0,  139288.0,   82039.0,   82038.0,  186397.0,  201733.0,   86429.0,   71094.0,   86432.0,  186394.0,   82035.0,   82039.0,   71099.0,   86431.0,   71088.0,   71367.0,   86437.0,   82035.0,   71092.0,   71091.0,   92727.0,   28077.0,   84233.0,   94366.0,   94374.0,   94371.0,   94370.0,   85100.0,   84238.0,   84235.0,   82628.0,   82342.0,   84532.0,   84800.0,   84806.0,   80975.0,   87285.0,   77931.0,   73844.0,  133261.0,  133272.0,   93003.0,  141252.0,   88662.0,  209983.0,   87571.0,   86231.0
   69943.0,  132774.0,   25915.0,   27549.0,     139.0,   76081.0,  144189.0,   12404.0,   69775.0,   78018.0,   65564.0,  105898.0,   86829.0,  128334.0,   77391.0,   41080.0,  141657.0,  142472.0,  138579.0,  133320.0,   88219.0,   58307.0,   65200.0,   79998.0,   77249.0,   78556.0,   61162.0,   70575.0,   77200.0,       0.0,   77740.0,   77396.0,   83745.0,   71602.0,   82643.0,   87055.0,   71603.0,   87062.0,  140300.0,   82643.0,   82642.0,  187751.0,  203201.0,   87056.0,   71607.0,   87058.0,  187748.0,   82639.0,   82643.0,   71613.0,   87053.0,   71602.0,   71880.0,   87060.0,   82639.0,   71603.0,   71603.0,   93398.0,   28274.0,   84841.0,   95057.0,   95064.0,   95060.0,   95061.0,   85716.0,   84849.0,   84844.0,   83227.0,   82940.0,   85148.0,   85420.0,   85422.0,   81560.0,   87919.0,   78501.0,   74378.0,  134236.0,  134244.0,   93681.0,  142277.0,   89307.0,  211512.0,   88208.0,   86850.0
   69943.0,  132768.0,   25901.0,   27548.0,     150.0,   76072.0,  144188.0,   12409.0,   69779.0,   78019.0,   65572.0,  105901.0,   86828.0,  128335.0,   77390.0,   41081.0,  141666.0,  142480.0,  138580.0,  133315.0,   88216.0,   58300.0,   65188.0,   80001.0,   77248.0,   78568.0,   61149.0,   70568.0,   77202.0,   77740.0,       0.0,   77402.0,   83752.0,   71613.0,   82641.0,   87062.0,   71613.0,   87067.0,  140305.0,   82641.0,   82640.0,  187757.0,  203208.0,   87063.0,   71613.0,   87065.0,  187756.0,   82637.0,   82641.0,   71619.0,   87062.0,   71610.0,   71891.0,   87070.0,   82636.0,   71613.0,   71612.0,   93404.0,   28271.0,   84843.0,   95059.0,   95066.0,   95063.0,   95063.0,   85711.0,   84853.0,   84844.0,   83227.0,   82942.0,   85149.0,   85418.0,   85425.0,   81560.0,   87918.0,   78503.0,   74394.0,  134229.0,  134239.0,   93676.0,  142276.0,   89308.0,  211516.0,   88202.0,   86847.0
   70695.0,  134214.0,   26165.0,   27847.0,     144.0,   76912.0,  145749.0,   12522.0,   70461.0,   78874.0,   66261.0,  107069.0,   87781.0,  129737.0,   78245.0,   41524.0,  143185.0,  144023.0,  140123.0,  134787.0,   89159.0,   58688.0,   65658.0,   80770.0,   78006.0,   79526.0,   61774.0,   71276.0,   76844.0,   77396.0,   77402.0,       0.0,   84646.0,   72339.0,   83555.0,   87969.0,   72359.0,   87966.0,  141804.0,   83561.0,   83559.0,  189779.0,  205391.0,   87969.0,   72357.0,   87972.0,  189779.0,   83552.0,   83561.0,   72358.0,   87954.0,   72337.0,   72620.0,   87961.0,   83560.0,   72339.0,   72341.0,   94376.0,   28555.0,   85752.0,   96102.0,   96105.0,   96101.0,   96100.0,   86635.0,   85760.0,   85767.0,   84121.0,   83837.0,   86066.0,   86339.0,   86340.0,   82451.0,   88856.0,   79353.0,   75193.0,  135699.0,  135704.0,   94710.0,  143818.0,   90283.0,  213813.0,   89176.0,   87791.0
   76470.0,  145226.0,   28271.0,   30114.0,     130.0,   83133.0,  157650.0,   13470.0,   76191.0,   85262.0,   71641.0,  115842.0,   94937.0,  140380.0,   84616.0,   44951.0,  154894.0,  155794.0,  151568.0,  145838.0,   96469.0,   63443.0,   71034.0,   87386.0,   84374.0,   85872.0,   66796.0,   77102.0,   83145.0,   83745.0,   83752.0,   84646.0,       0.0,   78356.0,   90428.0,   95259.0,   78351.0,   95268.0,  153506.0,   90422.0,   90430.0,  205405.0,  222315.0,   95262.0,   78351.0,   95261.0,  205409.0,   90429.0,   90421.0,   78354.0,   95256.0,   78355.0,   78654.0,   95258.0,   90419.0,   78353.0,   78356.0,  102194.0,   30899.0,   92826.0,  103977.0,  103970.0,  103970.0,  103968.0,   93793.0,   92820.0,   92836.0,   91062.0,   90768.0,   93167.0,   93494.0,   93479.0,   89260.0,   96216.0,   85884.0,   81365.0,  146878.0,  146874.0,  102517.0,  155616.0,   97654.0,  231395.0,   96454.0,   94950.0
   65356.0,  124145.0,   24179.0,   25762.0,     164.0,   71092.0,  134795.0,   11523.0,   65152.0,   72902.0,   61262.0,   99032.0,   81137.0,  120001.0,   72367.0,   38434.0,  132417.0,  133192.0,  129577.0,  124674.0,   82469.0,   54277.0,   60714.0,   74710.0,   72115.0,   73399.0,   57104.0,   65904.0,   71090.0,   71602.0,   71613.0,   72339.0,   78356.0,       0.0,   77251.0,   82406.0,   68022.0,   82403.0,  132007.0,   77249.0,   77252.0,  176192.0,  190593.0,   82410.0,   68011.0,   82400.0,  176204.0,   77252.0,   77251.0,   68016.0,   82460.0,   68091.0,   68341.0,   82455.0,   77253.0,   68085.0,   68075.0,   88390.0,   26434.0,   79679.0,   88864.0,   88865.0,   88866.0,   88861.0,   80413.0,   79681.0,   79672.0,   78098.0,   77855.0,   79873.0,   80168.0,   80133.0,   76566.0,   82475.0,   73594.0,   69712.0,  125650.0,  125657.0,   87756.0,  132965.0,   83473.0,  197694.0,   82419.0,   81158.0
   75450.0,  143304.0,   27888.0,   29714.0,     107.0,   82062.0,  155573.0,   13304.0,   75151.0,   84128.0,   70645.0,  114300.0,   93671.0,  138504.0,   83525.0,   44358.0,  152867.0,  153765.0,  149588.0,  143926.0,   95360.0,   62633.0,   70079.0,   86218.0,   83230.0,   84717.0,   65892.0,   76072.0,   82039.0,   82643.0,   82641.0,   83555.0,   90428.0,   77251.0,       0.0,   93987.0,   77299.0,   93988.0,  151485.0,   90383.0,   90388.0,  202701.0,  219388.0,   93986.0,   77303.0,   93984.0,  202706.0,   90385.0,   90383.0,   77307.0,   93983.0,   77295.0,   77588.0,   93978.0,   90385.0,   77291.0,   77288.0,  100829.0,   30537.0,   91601.0,  102614.0,  102616.0,  102614.0,  102606.0,   92508.0,   91594.0,   91614.0,   89836.0,   89542.0,   91901.0,   92215.0,   92202.0,   88031.0,   94886.0,   84758.0,   80292.0,  144958.0,  144956.0,  101164.0,  153575.0,   96356.0,  228323.0,   95159.0,   93684.0
   79477.0,  150987.0,   29390.0,   31303.0,     152.0,   86427.0,  163915.0,   13985.0,   79199.0,   88633.0,   74467.0,  120416.0,   98653.0,  145919.0,   87981.0,   46711.0,  161038.0,  161980.0,  157585.0,  151606.0,  100280.0,   65975.0,   73808.0,   90828.0,   87694.0,   89232.0,   69417.0,   80127.0,   86429.0,   87055.0,   87062.0,   87969.0,   95259.0,   82406.0,   93987.0,       0.0,   82504.0,  100081.0,  160422.0,   94001.0,   94005.0,  214237.0,  231829.0,  100081.0,   82501.0,  100076.0,  214249.0,   94005.0,   94002.0,   82497.0,  100039.0,   82462.0,   82757.0,  100044.0,   94002.0,   82454.0,   82464.0,  107189.0,   32146.0,   96854.0,  108124.0,  108124.0,  108126.0,  108118.0,   97761.0,   96856.0,   96868.0,   94940.0,   94638.0,   97116.0,   97454.0,   97435.0,   93078.0,  100275.0,   89498.0,   84782.0,  152846.0,  152853.0,  106714.0,  161801.0,  101552.0,  240593.0,  100280.0,   98726.0
   65369.0,  124157.0,   24185.0,   25769.0,     170.0,   71098.0,  134804.0,   11539.0,   65153.0,   72915.0,   61259.0,   99028.0,   81136.0,  119997.0,   72365.0,   38434.0,  132425.0,  133197.0,  129587.0,  124671.0,   82483.0,   54280.0,   60714.0,   74705.0,   72132.0,   73400.0,   57110.0,   65913.0,   71090.0,   71603.0,   71613.0,   72359.0,   78351.0,   68022.0,   77299.0,   82504.0,       0.0,   82444.0,  132029.0,   77257.0,   77261.0,  176221.0,  190619.0,   82453.0,   68057.0,   82450.0,  176221.0,   77261.0,   77258.0,   68053.0,   82407.0,   68026.0,   68261.0,   82413.0,   77258.0,   68018.0,   68025.0,   88325.0,   26443.0,   79674.0,   88859.0,   88859.0,   88862.0,   88852.0,   80415.0,   79678.0,   79682.0,   78093.0,   77846.0,   79890.0,   80163.0,   80143.0,   76560.0,   82477.0,   73600.0,   69716.0,  125634.0,  125642.0,   87739.0,  132972.0,   83463.0,  197693.0,   82419.0,   81161.0
   79476.0,  150983.0,   29395.0,   31301.0,     154.0,   86426.0,  163916.0,   13986.0,   79203.0,   88632.0,   74460.0,  120418.0,   98655.0,  145919.0,   87980.0,   46711.0,  161041.0,  161978.0,  157580.0,  151604.0,  100288.0,   65980.0,   73808.0,   90829.0,   87690.0,   89236.0,   69420.0,   80130.0,   86436.0,   87062.0,   87067.0,   87966.0,   95268.0,   82403.0,   93988.0,  100081.0,   82444.0,       0.0,  160419.0,   94002.0,   94006.0,  214236.0,  231821.0,  100083.0,   82496.0,  100080.0,  214245.0,   94006.0,   94003.0,   82496.0,  100040.0,   82463.0,   82758.0,  100046.0,   94003.0,   82458.0,   82465.0,  107193.0,   32145.0,   96859.0,  108122.0,  108119.0,  108122.0,  108115.0,   97762.0,   96862.0,   96863.0,   94931.0,   94633.0,   97108.0,   97451.0,   97432.0,   93073.0,  100280.0,   89502.0,   84778.0,  152849.0,  152857.0,  106723.0,  161800.0,  101547.0,  240589.0,  100282.0,   98735.0
  128089.0,  243407.0,   47318.0,   50381.0,     131.0,  139291.0,  264247.0,   22454.0,  127607.0,  142844.0,  119980.0,  194113.0,  159056.0,  235259.0,  141807.0,   75266.0,  259641.0,  261163.0,  254067.0,  244424.0,  161641.0,  106279.0,  118943.0,  146386.0,  141315.0,  143830.0,  111859.0,  129132.0,  139288.0,  140300.0,  140305.0,  141804.0,  153506.0,  132007.0,  151485.0,  160422.0,  132029.0,  160419.0,       0.0,  151691.0,  151694.0,  345527.0,  373871.0,  160608.0,  132284.0,  160600.0,  345521.0,  151693.0,  151691.0,  132299.0,  160591.0,  132259.0,  132749.0,  160587.0,  151691.0,  132256.0,  132257.0,  172303.0,   51816.0,  156025.0,  174493.0,  174491.0,  174494.0,  174492.0,  157516.0,  156026.0,  156027.0,  152941.0,  152464.0,  156497.0,  157010.0,  157003.0,  149916.0,  161561.0,  144254.0,  136637.0,  246622.0,  246628.0,  172098.0,  261177.0,  163843.0,  388401.0,  161809.0,  159299.0
   75456.0,  143306.0,   27888.0,   29717.0,     102.0,   82060.0,  155573.0,   13296.0,   75150.0,   84131.0,   70647.0,  114299.0,   93670.0,  138505.0,   83525.0,   44357.0,  152867.0,  153767.0,  149589.0,  143926.0,   95356.0,   62630.0,   70081.0,   86222.0,   83233.0,   84720.0,   65900.0,   76080.0,   82039.0,   82643.0,   82641.0,   83561.0,   90422.0,   77249.0,   90383.0,   94001.0,   77257.0,   94002.0,  151691.0,       0.0,   90383.0,  202699.0,  219386.0,   93984.0,   77301.0,   93982.0,  202704.0,   90382.0,   90378.0,   77304.0,   93981.0,   77293.0,   77586.0,   93976.0,   90380.0,   77289.0,   77286.0,  100827.0,   30536.0,   91601.0,  102612.0,  102613.0,  102612.0,  102607.0,   92508.0,   91594.0,   91615.0,   89835.0,   89539.0,   91902.0,   92212.0,   92201.0,   88028.0,   94885.0,   84757.0,   80294.0,  144957.0,  144955.0,  101163.0,  153584.0,   96361.0,  228324.0,   95161.0,   93686.0
   75454.0,  143307.0,   27890.0,   29715.0,     104.0,   82062.0,  155575.0,   13297.0,   75150.0,   84130.0,   70647.0,  114299.0,   93670.0,  138506.0,   83526.0,   44357.0,  152866.0,  153765.0,  149586.0,  143926.0,   95362.0,   62631.0,   70082.0,   86223.0,   83236.0,   84725.0,   65898.0,   76078.0,   82038.0,   82642.0,   82640.0,   83559.0,   90430.0,   77252.0,   90388.0,   94005.0,   77261.0,   94006.0,  151694.0,   90383.0,       0.0,  202701.0,  219388.0,   93987.0,   77305.0,   93986.0,  202705.0,   90387.0,   90383.0,   77308.0,   93984.0,   77296.0,   77589.0,   93979.0,   90385.0,   77292.0,   77289.0,  100830.0,   30537.0,   91607.0,  102615.0,  102616.0,  102615.0,  102607.0,   92511.0,   91598.0,   91621.0,   89840.0,   89543.0,   91906.0,   92217.0,   92205.0,   88035.0,   94890.0,   84761.0,   80296.0,  144958.0,  144956.0,  101164.0,  153583.0,   96361.0,  228324.0,   95161.0,   93686.0
  171417.0,  325775.0,   63306.0,   67385.0,     100.0,  186412.0,  353681.0,   30002.0,  170769.0,  191166.0,  160549.0,  259813.0,  212889.0,  314888.0,  189778.0,  100716.0,  347527.0,  349561.0,  340059.0,  327143.0,  216312.0,  142223.0,  159179.0,  195910.0,  189111.0,  192487.0,  149689.0,  172810.0,  186397.0,  187751.0,  187757.0,  189779.0,  205405.0,  176192.0,  202701.0,  214237.0,  176221.0,  214236.0,  345527.0,  202699.0,  202701.0,       0.0,  500451.0,  214614.0,  176651.0,  214599.0,  462489.0,  203081.0,  203080.0,  176640.0,  214582.0,  176621.0,  177283.0,  214599.0,  203081.0,  176619.0,  176624.0,  230249.0,   69343.0,  208718.0,  233638.0,  233636.0,  233638.0,  233640.0,  210732.0,  208717.0,  208715.0,  204607.0,  203960.0,  209367.0,  210052.0,  210046.0,  200573.0,  216165.0,  193020.0,  182827.0,  330139.0,  330145.0,  230330.0,  349742.0,  219382.0,  520139.0,  216666.0,  213296.0
