JQLU01000005.1,EDR99618.1,JQKK01000015.1,AUJT01000030.1,ATWC01000054.1,ACV39665.1,ERL25782.1,KB890278.1,ERK53440.1,ERK48421.1,ERK47820.1,KGL43917.1,CBH27300.1,EUJ40903.1,ADQ78341.1,ETE53770.1,CDC65743.1,LARF01000048.1,ACOK01000100.1,JTLD01000029.1,GAE20957.1,EKB54193.1,AEK23281.1,KN549099.1,KIX21336.1,CCB70204.1,AMA48551.1,AEW86266.1,EHO06562.1,EHO08761.1,EKB06014.1,ADQ80738.1,KGE88582.1,KGL55352.1,ALJ25681.1,ALJ26029.1,ALO30226.1,ALA94104.1,GAP82240.1,ERJ81987.1,ERJ65637.1,ERJ65503.1,ERJ64231.1,AIJ36392.1,EOA10535.1,BAK25606.1,ERJ88434.1,ERJ87335.1,EIW94777.1,AAQ65551.1,KGN88274.1,KKC50278.1,KGN87312.1,KGN85385.1,KGN76020.1,KGO05347.1,KGL48767.1,KB899147.1,JHUW01000010.1,EJP27887.1,KIP58075.1,KIP63359.1,KIP62088.1,KIP58950.1,BAKF01000019.1,EFU31981.1,JVYU01002440.1,BAJY01000004.1,AFJ07523.1,KE392225.1,KJJ86756.1,EGQ18444.1,ERJ98772.1,BAJN01000005.1,EKY00089.1,BAKN01000001.1,AKP71851.1,AGC41344.1,AKQ40303.1,JTLI01000096.1,KDE72144.1,EHO19081.1,EIJ68860.1,JHXW01000011.1
       0.0,  113740.0,   20328.0,   21781.0,       0.0,   64131.0,  123663.0,    8471.0,   58564.0,   65825.0,   54934.0,   90266.0,   73568.0,  109868.0,   65340.0,   33638.0,  121484.0,  122210.0,  118822.0,  114224.0,   74778.0,   48400.0,   54450.0,   67518.0,   65099.0,   66308.0,   51062.0,   59290.0,   64131.0,   64614.0,   64614.0,   65340.0,   70906.0,   60258.0,   69939.0,   73810.0,   60258.0,   73810.0,  120516.0,   69939.0,   69939.0,  162140.0,  175692.0,   73810.0,   60258.0,   73810.0,  162140.0,   69939.0,   69939.0,   60258.0,   73810.0,   60258.0,   60500.0,   73810.0,   69939.0,   60258.0,   60258.0,   79376.0,   22264.0,   71875.0,   80828.0,   80828.0,   80828.0,   80828.0,   72600.0,   71875.0,   71875.0,   70422.0,   70180.0,   72116.0,   72358.0,   72358.0,   68971.0,   74537.0,   66309.0,   62678.0,  115192.0,  115192.0,   79618.0,  122210.0,   75746.0,  182953.0,   74778.0,   73569.0
  113740.0,       0.0,   39396.0,   42210.0,       0.0,  124285.0,  239659.0,   16415.0,  113498.0,  127568.0,  106464.0,  174937.0,  142577.0,  212926.0,  126632.0,   65191.0,  235458.0,  236865.0,  230289.0,  221369.0,  144924.0,   93801.0,  105526.0,  130851.0,  126162.0,  128508.0,   98959.0,  114906.0,  124285.0,  125223.0,  125223.0,  126631.0,  137418.0,  116782.0,  135541.0,  143046.0,  116782.0,  143046.0,  233563.0,  135541.0,  135541.0,  314231.0,  340495.0,  143046.0,  116782.0,  143046.0,  314231.0,  135541.0,  135541.0,  116782.0,  143046.0,  116782.0,  117251.0,  143046.0,  135541.0,  116782.0,  116782.0,  153832.0,   43149.0,  139294.0,  156647.0,  156647.0,  156647.0,  156647.0,  140701.0,  139294.0,  139294.0,  136480.0,  136011.0,  139763.0,  140232.0,  140232.0,  133665.0,  144452.0,  128506.0,  121471.0,  223245.0,  223245.0,  154302.0,  236845.0,  146798.0,  354564.0,  144922.0,  142576.0
   20328.0,   39396.0,       0.0,    7475.0,       9.0,   21995.0,   42413.0,    2905.0,   20086.0,   22576.0,   18841.0,   30959.0,   25232.0,   37682.0,   22410.0,   11538.0,   41666.0,   41915.0,   40754.0,   39176.0,   25647.0,   16600.0,   18675.0,   23157.0,   22327.0,   22742.0,   17513.0,   20335.0,   21995.0,   22161.0,   22161.0,   22410.0,   24319.0,   20667.0,   23988.0,   25315.0,   20667.0,   25315.0,   41334.0,   23988.0,   23988.0,   55610.0,   60258.0,   25315.0,   20667.0,   25315.0,   55610.0,   23988.0,   23988.0,   20667.0,   25315.0,   20667.0,   20750.0,   25315.0,   23988.0,   20667.0,   20667.0,   27224.0,    7636.0,   24651.0,   27722.0,   27722.0,   27722.0,   27722.0,   24900.0,   24651.0,   24651.0,   24153.0,   24070.0,   24734.0,   24817.0,   24817.0,   23655.0,   25564.0,   22742.0,   21499.0,   39508.0,   39508.0,   27307.0,   41915.0,   25979.0,   62750.0,   25647.0,   25232.0
   21781.0,   42210.0,    7475.0,       0.0,       0.0,   23585.0,   45479.0,    3116.0,   21538.0,   24209.0,   20203.0,   33197.0,   27056.0,   40406.0,   24030.0,   12371.0,   44678.0,   44946.0,   43700.0,   42008.0,   27501.0,   17800.0,   20025.0,   24831.0,   23943.0,   24386.0,   18779.0,   21805.0,   23585.0,   23763.0,   23763.0,   24030.0,   26077.0,   22161.0,   25722.0,   27145.0,   22161.0,   27145.0,   44322.0,   25722.0,   25722.0,   59630.0,   64614.0,   27145.0,   22161.0,   27145.0,   59630.0,   25722.0,   25722.0,   22161.0,   27145.0,   22161.0,   22250.0,   27145.0,   25722.0,   22161.0,   22161.0,   29193.0,    8189.0,   26433.0,   29726.0,   29726.0,   29726.0,   29726.0,   26700.0,   26433.0,   26433.0,   25899.0,   25810.0,   26522.0,   26611.0,   26611.0,   25365.0,   27413.0,   24386.0,   23051.0,   42364.0,   42364.0,   29281.0,   44945.0,   27857.0,   67285.0,   27501.0,   27057.0
       0.0,       0.0,       9.0,       0.0,       0.0,       0.0,       0.0,       0.0,       0.0,       0.0,       0.0,       0.0,       0.0,       0.0,       0.0,       0.0,       0.0,       0.0,       0.0,       0.0,       0.0,       0.0,       0.0,       0.0,       0.0,       0.0,       0.0,       0.0,       0.0,       0.0,       0.0,       0.0,       0.0,       0.0,       0.0,       0.0,       0.0,       0.0,       0.0,       0.0,       0.0,       0.0,       0.0,       0.0,       0.0,       0.0,       0.0,       0.0,       0.0,       0.0,       0.0,       0.0,       0.0,       0.0,       0.0,       0.0,       0.0,       0.0,       0.0,       0.0,       0.0,       0.0,       0.0,       0.0,       0.0,       0.0,       0.0,       0.0,       0.0,       0.0,       0.0,       0.0,       0.0,       0.0,       0.0,       0.0,       0.0,       0.0,       0.0,       0.0,       0.0,       0.0,       0.0,       0.0
   64131.0,  124285.0,   21995.0,   23585.0,       0.0,       0.0,  135385.0,    9240.0,   63890.0,   72343.0,   59939.0,   98473.0,   80256.0,  119857.0,   71280.0,   36696.0,  132529.0,  133320.0,  129624.0,  124608.0,   81576.0,   52800.0,   59400.0,   73656.0,   71016.0,   72336.0,   55704.0,   64680.0,   69961.0,   70488.0,   70488.0,   71280.0,   77352.0,   65736.0,   76296.0,   80520.0,   65736.0,   80520.0,  131472.0,   76296.0,   76296.0,  176880.0,  191664.0,   80520.0,   65736.0,   80520.0,  176880.0,   76296.0,   76296.0,   65736.0,   80520.0,   65736.0,   66000.0,   80520.0,   76296.0,   65736.0,   65736.0,   86592.0,   24288.0,   78409.0,   88176.0,   88176.0,   88176.0,   88176.0,   79201.0,   78409.0,   78409.0,   76824.0,   76561.0,   78673.0,   78937.0,   78937.0,   75241.0,   81313.0,   72337.0,   68376.0,  125664.0,  125664.0,   86856.0,  133320.0,   82632.0,  199584.0,   81576.0,   80256.0
  123663.0,  239659.0,   42413.0,   45479.0,       0.0,  135385.0,       0.0,   17850.0,  123422.0,  139025.0,  115779.0,  190231.0,  155040.0,  231541.0,  137700.0,   70890.0,  256021.0,  257550.0,  250410.0,  240720.0,  157590.0,  102000.0,  114750.0,  142290.0,  137190.0,  139740.0,  107610.0,  124950.0,  135151.0,  136170.0,  136170.0,  137700.0,  149430.0,  126990.0,  147390.0,  155550.0,  126990.0,  155550.0,  253980.0,  147390.0,  147390.0,  341700.0,  370260.0,  155550.0,  126990.0,  155550.0,  341700.0,  147390.0,  147390.0,  126990.0,  155550.0,  126990.0,  127500.0,  155550.0,  147390.0,  126990.0,  126990.0,  167280.0,   46920.0,  151471.0,  170340.0,  170340.0,  170340.0,  170340.0,  153001.0,  151471.0,  151471.0,  148410.0,  147901.0,  151981.0,  152491.0,  152491.0,  145351.0,  157081.0,  139741.0,  132090.0,  242760.0,  242760.0,  167790.0,  257550.0,  159630.0,  385560.0,  157590.0,  155040.0
    8471.0,   16415.0,    2905.0,    3116.0,       0.0,    9240.0,   17850.0,       0.0,    8228.0,    9249.0,    7718.0,   12682.0,   10336.0,   15436.0,    9180.0,    4726.0,   17068.0,   17170.0,   16694.0,   16048.0,   10506.0,    6800.0,    7650.0,    9486.0,    9147.0,    9316.0,    7174.0,    8330.0,    9010.0,    9079.0,    9078.0,    9180.0,    9962.0,    8466.0,    9827.0,   10370.0,    8466.0,   10370.0,   16932.0,    9827.0,    9827.0,   22780.0,   24684.0,   10370.0,    8466.0,   10370.0,   22780.0,    9827.0,    9827.0,    8466.0,   10370.0,    8466.0,    8500.0,   10370.0,    9827.0,    8466.0,    8466.0,   11152.0,    3128.0,   10098.0,   11356.0,   11356.0,   11356.0,   11356.0,   10200.0,   10098.0,   10098.0,    9894.0,    9860.0,   10132.0,   10166.0,   10166.0,    9690.0,   10472.0,    9317.0,    8806.0,   16184.0,   16184.0,   11186.0,   17170.0,   10642.0,   25705.0,   10506.0,   10338.0
   58564.0,  113498.0,   20086.0,   21538.0,       0.0,   63890.0,  123422.0,    8228.0,       0.0,   65553.0,   54708.0,   89894.0,   73264.0,  109415.0,   65070.0,   33499.0,  120983.0,  121705.0,  118331.0,  113753.0,   74469.0,   48200.0,   54225.0,   67239.0,   64829.0,   66034.0,   50851.0,   59045.0,   63865.0,   64348.0,   64348.0,   65070.0,   70613.0,   60009.0,   69649.0,   73505.0,   60009.0,   73505.0,  120018.0,   69649.0,   69649.0,  161470.0,  174966.0,   73505.0,   60009.0,   73505.0,  161470.0,   69649.0,   69649.0,   60009.0,   73505.0,   60009.0,   60250.0,   73505.0,   69649.0,   60009.0,   60009.0,   79048.0,   22172.0,   71577.0,   80494.0,   80494.0,   80494.0,   80494.0,   72301.0,   71577.0,   71577.0,   70131.0,   69891.0,   71819.0,   72060.0,   72060.0,   68685.0,   74228.0,   66034.0,   62419.0,  114716.0,  114716.0,   79289.0,  121705.0,   75433.0,  182196.0,   74469.0,   73264.0
   65825.0,  127568.0,   22576.0,   24209.0,       0.0,   72343.0,  139025.0,    9249.0,   65553.0,       0.0,   61525.0,  101085.0,   82384.0,  123036.0,   73170.0,   37669.0,  136043.0,  136855.0,  133061.0,  127912.0,   83739.0,   54200.0,   60975.0,   75609.0,   72900.0,   74254.0,   57181.0,   66395.0,   71815.0,   72357.0,   72357.0,   73170.0,   79403.0,   67479.0,   78320.0,   82655.0,   67479.0,   82655.0,  134958.0,   78320.0,   78320.0,  181570.0,  196746.0,   82655.0,   67479.0,   82655.0,  181570.0,   78320.0,   78320.0,   67479.0,   82655.0,   67479.0,   67750.0,   82655.0,   78320.0,   67479.0,   67479.0,   88888.0,   24932.0,   80487.0,   90514.0,   90514.0,   90514.0,   90514.0,   81301.0,   80487.0,   80487.0,   78861.0,   78591.0,   80759.0,   81030.0,   81030.0,   77235.0,   83468.0,   74254.0,   70189.0,  128996.0,  128996.0,   89159.0,  136855.0,   84823.0,  204877.0,   83739.0,   82385.0
   54934.0,  106464.0,   18841.0,   20203.0,       0.0,   59939.0,  115779.0,    7718.0,   54708.0,   61525.0,       0.0,   84298.0,   68705.0,  102604.0,   61023.0,   31414.0,  113453.0,  114131.0,  110966.0,  106673.0,   69835.0,   45201.0,   50851.0,   63054.0,   60795.0,   61928.0,   47686.0,   55370.0,   59890.0,   60343.0,   60343.0,   61021.0,   66218.0,   56274.0,   65314.0,   68930.0,   56274.0,   68930.0,  112548.0,   65314.0,   65314.0,  151420.0,  164076.0,   68930.0,   56274.0,   68930.0,  151420.0,   65314.0,   65314.0,   56274.0,   68930.0,   56274.0,   56500.0,   68930.0,   65314.0,   56274.0,   56274.0,   74128.0,   20793.0,   67123.0,   75485.0,   75485.0,   75485.0,   75485.0,   67801.0,   67123.0,   67123.0,   65767.0,   65541.0,   67349.0,   67575.0,   67575.0,   64410.0,   69608.0,   61924.0,   58534.0,  107576.0,  107576.0,   74354.0,  114130.0,   70739.0,  170856.0,   69835.0,   68704.0
   90266.0,  174937.0,   30959.0,   33197.0,       0.0,   98473.0,  190231.0,   12682.0,   89894.0,  101085.0,   84298.0,       0.0,  113090.0,  169780.0,  100440.0,   51708.0,  186745.0,  187860.0,  182652.0,  175584.0,  114948.0,   74400.0,   83700.0,  103789.0,  100068.0,  101928.0,   78492.0,   91140.0,   98580.0,   99324.0,   99324.0,  100440.0,  108996.0,   92628.0,  107508.0,  113460.0,   92628.0,  113460.0,  185256.0,  107508.0,  107508.0,  249240.0,  270072.0,  113460.0,   92628.0,  113460.0,  249240.0,  107508.0,  107508.0,   92628.0,  113460.0,   92628.0,   93000.0,  113460.0,  107508.0,   92628.0,   92628.0,  122016.0,   34224.0,  110484.0,  124249.0,  124249.0,  124249.0,  124249.0,  111601.0,  110484.0,  110484.0,  108252.0,  107881.0,  110857.0,  111229.0,  111229.0,  106020.0,  114576.0,  101928.0,   96348.0,  177072.0,  177072.0,  122388.0,  187860.0,  116436.0,  281232.0,  114948.0,  113088.0
   73568.0,  142577.0,   25232.0,   27056.0,       0.0,   80256.0,  155040.0,   10336.0,   73264.0,   82384.0,   68705.0,  113090.0,       0.0,  137563.0,   81813.0,   42117.0,  152109.0,  153016.0,  148773.0,  143016.0,   93628.0,   60601.0,   68176.0,   84538.0,   81508.0,   83024.0,   63933.0,   74235.0,   80295.0,   80901.0,   80901.0,   81811.0,   88779.0,   75447.0,   87567.0,   92415.0,   75447.0,   92415.0,  150894.0,   87567.0,   87567.0,  203010.0,  219978.0,   92415.0,   75447.0,   92415.0,  203010.0,   87567.0,   87567.0,   75447.0,   92415.0,   75447.0,   75750.0,   92415.0,   87567.0,   75447.0,   75447.0,   99384.0,   27877.0,   89992.0,  101204.0,  101204.0,  101204.0,  101204.0,   90901.0,   89992.0,   89992.0,   88174.0,   87871.0,   90295.0,   90598.0,   90598.0,   86355.0,   93324.0,   83022.0,   78477.0,  144228.0,  144228.0,   99687.0,  153015.0,   94840.0,  229068.0,   93628.0,   92112.0
  109868.0,  212926.0,   37682.0,   40406.0,       0.0,  119857.0,  231541.0,   15436.0,  109415.0,  123036.0,  102604.0,  169780.0,  137563.0,       0.0,  122310.0,   62968.0,  227407.0,  228765.0,  222423.0,  213816.0,  139977.0,   90601.0,  101926.0,  126388.0,  121857.0,  124122.0,   95585.0,  110985.0,  120045.0,  120951.0,  120951.0,  122310.0,  132729.0,  112797.0,  130917.0,  138165.0,  112797.0,  138165.0,  225594.0,  130917.0,  130917.0,  303510.0,  328878.0,  138165.0,  112797.0,  138165.0,  303510.0,  130917.0,  130917.0,  112797.0,  138165.0,  112797.0,  113250.0,  138165.0,  130917.0,  112797.0,  112797.0,  148584.0,   41676.0,  134541.0,  151302.0,  151302.0,  151302.0,  151302.0,  135901.0,  134541.0,  134541.0,  131823.0,  131371.0,  134995.0,  135448.0,  135448.0,  129105.0,  139524.0,  124122.0,  117327.0,  215629.0,  215629.0,  149038.0,  228765.0,  141789.0,  342468.0,  139977.0,  137712.0
   65340.0,  126632.0,   22410.0,   24030.0,       0.0,   71280.0,  137700.0,    9180.0,   65070.0,   73170.0,   61023.0,  100440.0,   81813.0,  122310.0,       0.0,   37391.0,  135040.0,  135847.0,  132079.0,  126968.0,   83123.0,   53802.0,   60527.0,   75051.0,   72363.0,   73711.0,   56759.0,   65905.0,   71285.0,   71823.0,   71823.0,   72632.0,   78817.0,   66981.0,   77741.0,   82045.0,   66981.0,   82045.0,  133962.0,   77741.0,   77741.0,  180230.0,  195294.0,   82045.0,   66981.0,   82045.0,  180230.0,   77741.0,   77741.0,   66981.0,   82045.0,   66981.0,   67250.0,   82045.0,   77741.0,   66981.0,   66981.0,   88232.0,   24750.0,   79895.0,   89849.0,   89849.0,   89849.0,   89849.0,   80702.0,   79895.0,   79895.0,   78281.0,   78012.0,   80164.0,   80433.0,   80433.0,   76665.0,   82852.0,   73706.0,   69671.0,  128044.0,  128044.0,   88501.0,  135845.0,   84199.0,  203364.0,   83123.0,   81776.0
   33638.0,   65191.0,   11538.0,   12371.0,       0.0,   36696.0,   70890.0,    4726.0,   33499.0,   37669.0,   31414.0,   51708.0,   42117.0,   62968.0,   37391.0,       0.0,   69276.0,   69690.0,   67759.0,   65136.0,   42642.0,   27601.0,   31051.0,   38503.0,   37122.0,   37812.0,   29119.0,   33810.0,   36570.0,   36846.0,   36846.0,   37260.0,   40434.0,   34362.0,   39883.0,   42090.0,   34362.0,   42090.0,   68724.0,   39883.0,   39883.0,   92460.0,  100188.0,   42090.0,   34362.0,   42090.0,   92460.0,   39883.0,   39883.0,   34362.0,   42090.0,   34362.0,   34500.0,   42090.0,   39883.0,   34362.0,   34362.0,   45264.0,   12696.0,   40986.0,   46092.0,   46092.0,   46092.0,   46092.0,   41400.0,   40986.0,   40986.0,   40158.0,   40020.0,   41124.0,   41262.0,   41262.0,   39330.0,   42504.0,   37812.0,   35743.0,   65689.0,   65689.0,   45403.0,   69690.0,   43194.0,  104328.0,   42642.0,   41952.0
  121484.0,  235458.0,   41666.0,   44678.0,       0.0,  132529.0,  256021.0,   17068.0,  120983.0,  136043.0,  113453.0,  186745.0,  152109.0,  227407.0,  135040.0,   69276.0,       0.0,  253782.0,  246011.0,  236472.0,  154810.0,  100201.0,  112726.0,  139779.0,  134770.0,  137276.0,  105711.0,  122745.0,  132765.0,  133767.0,  133767.0,  135271.0,  146793.0,  124749.0,  144789.0,  152805.0,  124749.0,  152805.0,  249498.0,  144789.0,  144789.0,  335670.0,  363726.0,  152805.0,  124749.0,  152805.0,  335670.0,  144789.0,  144789.0,  124749.0,  152805.0,  124749.0,  125250.0,  152805.0,  144789.0,  124749.0,  124749.0,  164328.0,   46093.0,  148798.0,  167335.0,  167335.0,  167335.0,  167335.0,  150302.0,  148798.0,  148798.0,  145792.0,  145292.0,  149300.0,  149801.0,  149801.0,  142785.0,  154308.0,  137274.0,  129759.0,  238476.0,  238476.0,  164829.0,  253005.0,  156814.0,  378756.0,  154810.0,  152304.0
  122210.0,  236865.0,   41915.0,   44946.0,       0.0,  133320.0,  257550.0,   17170.0,  121705.0,  136855.0,  114131.0,  187860.0,  153016.0,  228765.0,  135847.0,   69690.0,  253782.0,       0.0,  247484.0,  237888.0,  155737.0,  100801.0,  113401.0,  140616.0,  135577.0,  138098.0,  106344.0,  123480.0,  133560.0,  134568.0,  134568.0,  136081.0,  147672.0,  125496.0,  145656.0,  153720.0,  125496.0,  153720.0,  250992.0,  145656.0,  145656.0,  337680.0,  365904.0,  153720.0,  125496.0,  153720.0,  337680.0,  145656.0,  145656.0,  125496.0,  153720.0,  125496.0,  126000.0,  153720.0,  145656.0,  125496.0,  125496.0,  165313.0,   46370.0,  149689.0,  168337.0,  168337.0,  168337.0,  168337.0,  151201.0,  149689.0,  149689.0,  146665.0,  146161.0,  150193.0,  150697.0,  150697.0,  143640.0,  155233.0,  138096.0,  130536.0,  239904.0,  239904.0,  165816.0,  254520.0,  157753.0,  381024.0,  155737.0,  153216.0
  118822.0,  230289.0,   40754.0,   43700.0,       0.0,  129624.0,  250410.0,   16694.0,  118331.0,  133061.0,  110966.0,  182652.0,  148773.0,  222423.0,  132079.0,   67759.0,  246011.0,  247484.0,       0.0,  231280.0,  151410.0,   98000.0,  110250.0,  136710.0,  131810.0,  134260.0,  103390.0,  120050.0,  129850.0,  130830.0,  130830.0,  132300.0,  143570.0,  122010.0,  141611.0,  149450.0,  122010.0,  149450.0,  244020.0,  141611.0,  141611.0,  328300.0,  355740.0,  149450.0,  122010.0,  149450.0,  328300.0,  141611.0,  141611.0,  122010.0,  149450.0,  122010.0,  122500.0,  149450.0,  141611.0,  122010.0,  122010.0,  160721.0,   45081.0,  145530.0,  163660.0,  163660.0,  163660.0,  163660.0,  147000.0,  145530.0,  145530.0,  142590.0,  142100.0,  146020.0,  146510.0,  146510.0,  139650.0,  150921.0,  134260.0,  126911.0,  233240.0,  233240.0,  161210.0,  247450.0,  153370.0,  370440.0,  151410.0,  148960.0
  114224.0,  221369.0,   39176.0,   42008.0,       0.0,  124608.0,  240720.0,   16048.0,  113753.0,  127912.0,  106673.0,  175584.0,  143016.0,  213816.0,  126968.0,   65136.0,  236472.0,  237888.0,  231280.0,       0.0,  145540.0,   94200.0,  105975.0,  131409.0,  126699.0,  129054.0,   99381.0,  115396.0,  124815.0,  125758.0,  125758.0,  127170.0,  138004.0,  117280.0,  136119.0,  143656.0,  117280.0,  143656.0,  234559.0,  136119.0,  136119.0,  315571.0,  341947.0,  143656.0,  117280.0,  143656.0,  315571.0,  136119.0,  136119.0,  117280.0,  143656.0,  117280.0,  117751.0,  143656.0,  136119.0,  117280.0,  117280.0,  154488.0,   43332.0,  139887.0,  157314.0,  157314.0,  157314.0,  157314.0,  141300.0,  139887.0,  139887.0,  137061.0,  136590.0,  140358.0,  140829.0,  140829.0,  134235.0,  145068.0,  129054.0,  121989.0,  224198.0,  224198.0,  154961.0,  237855.0,  147423.0,  356076.0,  145539.0,  143184.0
   74778.0,  144924.0,   25647.0,   27501.0,       0.0,   81576.0,  157590.0,   10506.0,   74469.0,   83739.0,   69835.0,  114948.0,   93628.0,  139977.0,   83123.0,   42642.0,  154810.0,  155737.0,  151410.0,  145540.0,       0.0,   61601.0,   69301.0,   85932.0,   82853.0,   84394.0,   64988.0,   75461.0,   81620.0,   82236.0,   82236.0,   83161.0,   90245.0,   76693.0,   89013.0,   93941.0,   76693.0,   93941.0,  153385.0,   89013.0,   89013.0,  206361.0,  223609.0,   93941.0,   76693.0,   93941.0,  206361.0,   89013.0,   89013.0,   76693.0,   93941.0,   76693.0,   77001.0,   93941.0,   89013.0,   76693.0,   76693.0,  101024.0,   28337.0,   91477.0,  102873.0,  102873.0,  102873.0,  102873.0,   92401.0,   91477.0,   91477.0,   89629.0,   89321.0,   91785.0,   92093.0,   92093.0,   87780.0,   94864.0,   84392.0,   79772.0,  146609.0,  146609.0,  101333.0,  155540.0,   96405.0,  232848.0,   95173.0,   93632.0
   48400.0,   93801.0,   16600.0,   17800.0,       0.0,   52800.0,  102000.0,    6800.0,   48200.0,   54200.0,   45201.0,   74400.0,   60601.0,   90601.0,   53802.0,   27601.0,  100201.0,  100801.0,   98000.0,   94200.0,   61601.0,       0.0,   44950.0,   55534.0,   53536.0,   54528.0,   41990.0,   48755.0,   52748.0,   53146.0,   53146.0,   53731.0,   58307.0,   49551.0,   57511.0,   60695.0,   49551.0,   60695.0,   99102.0,   57511.0,   57511.0,  133330.0,  144474.0,   60695.0,   49551.0,   60695.0,  133330.0,   57511.0,   57511.0,   49551.0,   60695.0,   49551.0,   49750.0,   60695.0,   57511.0,   49551.0,   49551.0,   65272.0,   18309.0,   59104.0,   66467.0,   66467.0,   66467.0,   66467.0,   59701.0,   59104.0,   59104.0,   57910.0,   57711.0,   59303.0,   59502.0,   59502.0,   56715.0,   61292.0,   54526.0,   51541.0,   94725.0,   94725.0,   65472.0,  100495.0,   62288.0,  150444.0,   61492.0,   60496.0
   54450.0,  105526.0,   18675.0,   20025.0,       0.0,   59400.0,  114750.0,    7650.0,   54225.0,   60975.0,   50851.0,   83700.0,   68176.0,  101926.0,   60527.0,   31051.0,  112726.0,  113401.0,  110250.0,  105975.0,   69301.0,   44950.0,       0.0,   62509.0,   60261.0,   61378.0,   47265.0,   54880.0,   59375.0,   59823.0,   59823.0,   60481.0,   65632.0,   55776.0,   64736.0,   68320.0,   55776.0,   68320.0,  111552.0,   64736.0,   64736.0,  150080.0,  162624.0,   68320.0,   55776.0,   68320.0,  150080.0,   64736.0,   64736.0,   55776.0,   68320.0,   55776.0,   56000.0,   68320.0,   64736.0,   55776.0,   55776.0,   73472.0,   20609.0,   66529.0,   74817.0,   74817.0,   74817.0,   74817.0,   67201.0,   66529.0,   66529.0,   65185.0,   64961.0,   66753.0,   66977.0,   66977.0,   63840.0,   68992.0,   61376.0,   58016.0,  106625.0,  106625.0,   73697.0,  113120.0,   70113.0,  169344.0,   69217.0,   68096.0
   67518.0,  130851.0,   23157.0,   24831.0,       0.0,   73656.0,  142290.0,    9486.0,   67239.0,   75609.0,   63054.0,  103789.0,   84538.0,  126388.0,   75051.0,   38503.0,  139779.0,  140616.0,  136710.0,  131409.0,   85932.0,   55534.0,   62509.0,       0.0,   74794.0,   76172.0,   58667.0,   68118.0,   73671.0,   74227.0,   74227.0,   75060.0,   81454.0,   69222.0,   80342.0,   84790.0,   69222.0,   84790.0,  138444.0,   80342.0,   80342.0,  186260.0,  201828.0,   84790.0,   69222.0,   84790.0,  186260.0,   80342.0,   80342.0,   69222.0,   84790.0,   69222.0,   69500.0,   84790.0,   80342.0,   69222.0,   69222.0,   91184.0,   25576.0,   82566.0,   92853.0,   92853.0,   92853.0,   92853.0,   83400.0,   82566.0,   82566.0,   80898.0,   80620.0,   82844.0,   83122.0,   83122.0,   79230.0,   85624.0,   76172.0,   72002.0,  132329.0,  132329.0,   91463.0,  140390.0,   87014.0,  210168.0,   85902.0,   84512.0
   65099.0,  126162.0,   22327.0,   23943.0,       0.0,   71016.0,  137190.0,    9147.0,   64829.0,   72900.0,   60795.0,  100068.0,   81508.0,  121857.0,   72363.0,   37122.0,  134770.0,  135577.0,  131810.0,  126699.0,   82853.0,   53536.0,   60261.0,   74794.0,       0.0,   73435.0,   56548.0,   65660.0,   71020.0,   71556.0,   71556.0,   72361.0,   78524.0,   66732.0,   77453.0,   81740.0,   66732.0,   81740.0,  133464.0,   77453.0,   77453.0,  179560.0,  194568.0,   81740.0,   66732.0,   81740.0,  179560.0,   77453.0,   77453.0,   66732.0,   81740.0,   66732.0,   67000.0,   81740.0,   77453.0,   66732.0,   66732.0,   87904.0,   24657.0,   79597.0,   89513.0,   89513.0,   89513.0,   89513.0,   80401.0,   79597.0,   79597.0,   77989.0,   77721.0,   79865.0,   80133.0,   80133.0,   76380.0,   82544.0,   73432.0,   69412.0,  127568.0,  127568.0,   88172.0,  135340.0,   83885.0,  202609.0,   82813.0,   81473.0
   66308.0,  128508.0,   22742.0,   24386.0,       0.0,   72336.0,  139740.0,    9316.0,   66034.0,   74254.0,   61928.0,  101928.0,   83024.0,  124122.0,   73711.0,   37812.0,  137276.0,  138098.0,  134260.0,  129054.0,   84394.0,   54528.0,   61378.0,   76172.0,   73435.0,       0.0,   57603.0,   66885.0,   72345.0,   72891.0,   72891.0,   73717.0,   79989.0,   67977.0,   78897.0,   83265.0,   67977.0,   83265.0,  135954.0,   78897.0,   78897.0,  182910.0,  198198.0,   83265.0,   67977.0,   83265.0,  182910.0,   78897.0,   78897.0,   67977.0,   83265.0,   67977.0,   68250.0,   83265.0,   78897.0,   67977.0,   67977.0,   89544.0,   25118.0,   81083.0,   91184.0,   91184.0,   91184.0,   91184.0,   81902.0,   81083.0,   81083.0,   79445.0,   79172.0,   81356.0,   81629.0,   81629.0,   77805.0,   84084.0,   74802.0,   70707.0,  129948.0,  129948.0,   89817.0,  137865.0,   85451.0,  206388.0,   84359.0,   82992.0
   51062.0,   98959.0,   17513.0,   18779.0,       0.0,   55704.0,  107610.0,    7174.0,   50851.0,   57181.0,   47686.0,   78492.0,   63933.0,   95585.0,   56759.0,   29119.0,  105711.0,  106344.0,  103390.0,   99381.0,   64988.0,   41990.0,   47265.0,   58667.0,   56548.0,   57603.0,       0.0,   52459.0,   55650.0,   56070.0,   56070.0,   56700.0,   61530.0,   52290.0,   60690.0,   64050.0,   52290.0,   64050.0,  104580.0,   60690.0,   60690.0,  140700.0,  152460.0,   64051.0,   52290.0,   64050.0,  140700.0,   60690.0,   60690.0,   52290.0,   64050.0,   52291.0,   52500.0,   64050.0,   60690.0,   52290.0,   52290.0,   68880.0,   19320.0,   62370.0,   70140.0,   70140.0,   70140.0,   70140.0,   63000.0,   62370.0,   62370.0,   61110.0,   60900.0,   62580.0,   62790.0,   62790.0,   59850.0,   64680.0,   57540.0,   54390.0,   99961.0,   99961.0,   69091.0,  106050.0,   65730.0,  158760.0,   64890.0,   63840.0
   59290.0,  114906.0,   20335.0,   21805.0,       0.0,   64680.0,  124950.0,    8330.0,   59045.0,   66395.0,   55370.0,   91140.0,   74235.0,  110985.0,   65905.0,   33810.0,  122745.0,  123480.0,  120050.0,  115396.0,   75461.0,   48755.0,   54880.0,   68118.0,   65660.0,   66885.0,   52459.0,       0.0,   64660.0,   65148.0,   65148.0,   65880.0,   71493.0,   60757.0,   70516.0,   74421.0,   60757.0,   74421.0,  121513.0,   70516.0,   70516.0,  163481.0,  177145.0,   74422.0,   60757.0,   74421.0,  163481.0,   70516.0,   70516.0,   60757.0,   74421.0,   60758.0,   61001.0,   74421.0,   70516.0,   60757.0,   60757.0,   80032.0,   22448.0,   72468.0,   81496.0,   81496.0,   81496.0,   81496.0,   73200.0,   72468.0,   72468.0,   71004.0,   70760.0,   72712.0,   72956.0,   72956.0,   69540.0,   75152.0,   66856.0,   63196.0,  116145.0,  116145.0,   80277.0,  123220.0,   76372.0,  184464.0,   75396.0,   74176.0
   64131.0,  124285.0,   21995.0,   23585.0,       0.0,   69961.0,  135151.0,    9010.0,   63865.0,   71815.0,   59890.0,   98580.0,   80295.0,  120045.0,   71285.0,   36570.0,  132765.0,  133560.0,  129850.0,  124815.0,   81620.0,   52748.0,   59375.0,   73671.0,   71020.0,   72345.0,   55650.0,   64660.0,       0.0,   71564.0,   71552.0,   71281.0,   77352.0,   65737.0,   76296.0,   80521.0,   65737.0,   80521.0,  131473.0,   76296.0,   76296.0,  176881.0,  191665.0,   80520.0,   65737.0,   80521.0,  176881.0,   76296.0,   76296.0,   65737.0,   80521.0,   65736.0,   66001.0,   80521.0,   76296.0,   65737.0,   65737.0,   86593.0,   24288.0,   78409.0,   88176.0,   88176.0,   88176.0,   88176.0,   79200.0,   78409.0,   78409.0,   76824.0,   76560.0,   78672.0,   78936.0,   78936.0,   75241.0,   81313.0,   72337.0,   68376.0,  125664.0,  125664.0,   86856.0,  133320.0,   82632.0,  199584.0,   81576.0,   80256.0
   64614.0,  125223.0,   22161.0,   23763.0,       0.0,   70488.0,  136170.0,    9079.0,   64348.0,   72357.0,   60343.0,   99324.0,   80901.0,  120951.0,   71823.0,   36846.0,  133767.0,  134568.0,  130830.0,  125758.0,   82236.0,   53146.0,   59823.0,   74227.0,   71556.0,   72891.0,   56070.0,   65148.0,   71564.0,       0.0,   72080.0,   71820.0,   77938.0,   66234.0,   76874.0,   81130.0,   66234.0,   81130.0,  132468.0,   76874.0,   76874.0,  178220.0,  193116.0,   81130.0,   66234.0,   81130.0,  178220.0,   76874.0,   76874.0,   66234.0,   81130.0,   66234.0,   66500.0,   81130.0,   76874.0,   66234.0,   66234.0,   87248.0,   24472.0,   79002.0,   88844.0,   88844.0,   88844.0,   88844.0,   79800.0,   79002.0,   79002.0,   77406.0,   77140.0,   79268.0,   79534.0,   79534.0,   75810.0,   81928.0,   72885.0,   68894.0,  126616.0,  126616.0,   87514.0,  134330.0,   83258.0,  201096.0,   82194.0,   80865.0
   64614.0,  125223.0,   22161.0,   23763.0,       0.0,   70488.0,  136170.0,    9078.0,   64348.0,   72357.0,   60343.0,   99324.0,   80901.0,  120951.0,   71823.0,   36846.0,  133767.0,  134568.0,  130830.0,  125758.0,   82236.0,   53146.0,   59823.0,   74227.0,   71556.0,   72891.0,   56070.0,   65148.0,   71552.0,   72080.0,       0.0,   71821.0,   77938.0,   66235.0,   76874.0,   81131.0,   66235.0,   81131.0,  132469.0,   76874.0,   76874.0,  178221.0,  193117.0,   81130.0,   66235.0,   81131.0,  178221.0,   76874.0,   76874.0,   66235.0,   81131.0,   66234.0,   66501.0,   81131.0,   76874.0,   66235.0,   66235.0,   87249.0,   24472.0,   79002.0,   88844.0,   88844.0,   88844.0,   88844.0,   79800.0,   79002.0,   79002.0,   77406.0,   77140.0,   79268.0,   79534.0,   79534.0,   75810.0,   81928.0,   72884.0,   68894.0,  126616.0,  126616.0,   87514.0,  134330.0,   83258.0,  201096.0,   82194.0,   80864.0
   65340.0,  126631.0,   22410.0,   24030.0,       0.0,   71280.0,  137700.0,    9180.0,   65070.0,   73170.0,   61021.0,  100440.0,   81811.0,  122310.0,   72632.0,   37260.0,  135271.0,  136081.0,  132300.0,  127170.0,   83161.0,   53731.0,   60481.0,   75060.0,   72361.0,   73717.0,   56700.0,   65880.0,   71281.0,   71820.0,   71821.0,       0.0,   78817.0,   66982.0,   77741.0,   82046.0,   66982.0,   82046.0,  133963.0,   77741.0,   77741.0,  180231.0,  195295.0,   82045.0,   66982.0,   82046.0,  180231.0,   77741.0,   77741.0,   66982.0,   82046.0,   66981.0,   67251.0,   82046.0,   77741.0,   66982.0,   66982.0,   88233.0,   24749.0,   79894.0,   89847.0,   89847.0,   89847.0,   89847.0,   80701.0,   79894.0,   79894.0,   78280.0,   78011.0,   80163.0,   80432.0,   80432.0,   76665.0,   82852.0,   73706.0,   69671.0,  128044.0,  128044.0,   88501.0,  135845.0,   84198.0,  203364.0,   83122.0,   81776.0
   70906.0,  137418.0,   24319.0,   26077.0,       0.0,   77352.0,  149430.0,    9962.0,   70613.0,   79403.0,   66218.0,  108996.0,   88779.0,  132729.0,   78817.0,   40434.0,  146793.0,  147672.0,  143570.0,  138004.0,   90245.0,   58307.0,   65632.0,   81454.0,   78524.0,   79989.0,   61530.0,   71493.0,   77352.0,   77938.0,   77938.0,   78817.0,       0.0,   72710.0,   84388.0,   89062.0,   72710.0,   89062.0,  145418.0,   84388.0,   84388.0,  195641.0,  211993.0,   89062.0,   72710.0,   89062.0,  195641.0,   84388.0,   84388.0,   72710.0,   89062.0,   72710.0,   73002.0,   89062.0,   84388.0,   72710.0,   72710.0,   95777.0,   26864.0,   86724.0,   97528.0,   97528.0,   97528.0,   97528.0,   87600.0,   86724.0,   86724.0,   84974.0,   84681.0,   87017.0,   87309.0,   87309.0,   83222.0,   89937.0,   80008.0,   75628.0,  138993.0,  138993.0,   96069.0,  147460.0,   91396.0,  220752.0,   90228.0,   88768.0
   60258.0,  116782.0,   20667.0,   22161.0,       0.0,   65736.0,  126990.0,    8466.0,   60009.0,   67479.0,   56274.0,   92628.0,   75447.0,  112797.0,   66981.0,   34362.0,  124749.0,  125496.0,  122010.0,  117280.0,   76693.0,   49551.0,   55776.0,   69222.0,   66732.0,   67977.0,   52290.0,   60757.0,   65737.0,   66234.0,   66235.0,   66982.0,   72710.0,       0.0,   71672.0,   76473.0,   62597.0,   76479.0,  124164.0,   71672.0,   71672.0,  166682.0,  180568.0,   76484.0,   62587.0,   76446.0,  166692.0,   71672.0,   71672.0,   62619.0,   76700.0,   62885.0,   63131.0,   76649.0,   71672.0,   62845.0,   62863.0,   82412.0,   22816.0,   73702.0,   82832.0,   82832.0,   82832.0,   82832.0,   74429.0,   73704.0,   73704.0,   72195.0,   71951.0,   73937.0,   74184.0,   74182.0,   70717.0,   76414.0,   67972.0,   64234.0,  118053.0,  118053.0,   81597.0,  125240.0,   77624.0,  187488.0,   76632.0,   75392.0
   69939.0,  135541.0,   23988.0,   25722.0,       0.0,   76296.0,  147390.0,    9827.0,   69649.0,   78320.0,   65314.0,  107508.0,   87567.0,  130917.0,   77741.0,   39883.0,  144789.0,  145656.0,  141611.0,  136119.0,   89013.0,   57511.0,   64736.0,   80342.0,   77453.0,   78897.0,   60690.0,   70516.0,   76296.0,   76874.0,   76874.0,   77741.0,   84388.0,   71672.0,       0.0,   87840.0,   71712.0,   87840.0,  143424.0,   84366.0,   84366.0,  192960.0,  209088.0,   87840.0,   71712.0,   87840.0,  192960.0,   84366.0,   84366.0,   71712.0,   87840.0,   71712.0,   72000.0,   87840.0,   84329.0,   71712.0,   71712.0,   94464.0,   26496.0,   85536.0,   96192.0,   96192.0,   96192.0,   96192.0,   86400.0,   85536.0,   85536.0,   83808.0,   83520.0,   85824.0,   86112.0,   86112.0,   82080.0,   88704.0,   78912.0,   74593.0,  137088.0,  137088.0,   94752.0,  145440.0,   90144.0,  217729.0,   88992.0,   87553.0
   73810.0,  143046.0,   25315.0,   27145.0,       0.0,   80520.0,  155550.0,   10370.0,   73505.0,   82655.0,   68930.0,  113460.0,   92415.0,  138165.0,   82045.0,   42090.0,  152805.0,  153720.0,  149450.0,  143656.0,   93941.0,   60695.0,   68320.0,   84790.0,   81740.0,   83265.0,   64050.0,   74421.0,   80521.0,   81130.0,   81131.0,   82046.0,   89062.0,   76473.0,   87840.0,       0.0,   76750.0,   93795.0,  152195.0,   87856.0,   87856.0,  204285.0,  221346.0,   93769.0,   76761.0,   93755.0,  204306.0,   87856.0,   87856.0,   76728.0,   93601.0,   76530.0,   76756.0,   93583.0,   87856.0,   76498.0,   76532.0,  100460.0,   27968.0,   90338.0,  101536.0,  101536.0,  101536.0,  101536.0,   91225.0,   90340.0,   90340.0,   88485.0,   88188.0,   90622.0,   90925.0,   90924.0,   86671.0,   93656.0,   83316.0,   78741.0,  144709.0,  144709.0,  100021.0,  153520.0,   95152.0,  229824.0,   93936.0,   92416.0
   60258.0,  116782.0,   20667.0,   22161.0,       0.0,   65736.0,  126990.0,    8466.0,   60009.0,   67479.0,   56274.0,   92628.0,   75447.0,  112797.0,   66981.0,   34362.0,  124749.0,  125496.0,  122010.0,  117280.0,   76693.0,   49551.0,   55776.0,   69222.0,   66732.0,   67977.0,   52290.0,   60757.0,   65737.0,   66234.0,   66235.0,   66982.0,   72710.0,   62597.0,   71712.0,   76750.0,       0.0,   76694.0,  124334.0,   71672.0,   71672.0,  166830.0,  180683.0,   76705.0,   62876.0,   76675.0,  166843.0,   71672.0,   71672.0,   62836.0,   76485.0,   62615.0,   62774.0,   76495.0,   71672.0,   62586.0,   62642.0,   82136.0,   22816.0,   73708.0,   82832.0,   82832.0,   82832.0,   82832.0,   74427.0,   73710.0,   73710.0,   72189.0,   71948.0,   73936.0,   74181.0,   74180.0,   70711.0,   76408.0,   67972.0,   64235.0,  118053.0,  118053.0,   81597.0,  125240.0,   77624.0,  187488.0,   76632.0,   75392.0
   73810.0,  143046.0,   25315.0,   27145.0,       0.0,   80520.0,  155550.0,   10370.0,   73505.0,   82655.0,   68930.0,  113460.0,   92415.0,  138165.0,   82045.0,   42090.0,  152805.0,  153720.0,  149450.0,  143656.0,   93941.0,   60695.0,   68320.0,   84790.0,   81740.0,   83265.0,   64050.0,   74421.0,   80521.0,   81130.0,   81131.0,   82046.0,   89062.0,   76479.0,   87840.0,   93795.0,   76694.0,       0.0,  152191.0,   87856.0,   87856.0,  204291.0,  221326.0,   93784.0,   76742.0,   93733.0,  204296.0,   87856.0,   87856.0,   76754.0,   93605.0,   76558.0,   76773.0,   93583.0,   87856.0,   76507.0,   76572.0,  100479.0,   27968.0,   90345.0,  101536.0,  101536.0,  101536.0,  101536.0,   91231.0,   90347.0,   90347.0,   88493.0,   88193.0,   90628.0,   90930.0,   90929.0,   86679.0,   93664.0,   83316.0,   78737.0,  144709.0,  144709.0,  100021.0,  153520.0,   95152.0,  229824.0,   93936.0,   92416.0
  120516.0,  233563.0,   41334.0,   44322.0,       0.0,  131472.0,  253980.0,   16932.0,  120018.0,  134958.0,  112548.0,  185256.0,  150894.0,  225594.0,  133962.0,   68724.0,  249498.0,  250992.0,  244020.0,  234559.0,  153385.0,   99102.0,  111552.0,  138444.0,  133464.0,  135954.0,  104580.0,  121513.0,  131473.0,  132468.0,  132469.0,  133963.0,  145418.0,  124164.0,  143424.0,  152195.0,  124334.0,  152191.0,       0.0,  143633.0,  143633.0,  333648.0,  361452.0,  152353.0,  124607.0,  152325.0,  333633.0,  143633.0,  143633.0,  124644.0,  152254.0,  124442.0,  124843.0,  152239.0,  143633.0,  124409.0,  124430.0,  163684.0,   45724.0,  147660.0,  165998.0,  165998.0,  165998.0,  165998.0,  149118.0,  147662.0,  147662.0,  144643.0,  144153.0,  148129.0,  148626.0,  148626.0,  141670.0,  153094.0,  136181.0,  128725.0,  236577.0,  236577.0,  163518.0,  250985.0,  155561.0,  375732.0,  153573.0,  151088.0
   69939.0,  135541.0,   23988.0,   25722.0,       0.0,   76296.0,  147390.0,    9827.0,   69649.0,   78320.0,   65314.0,  107508.0,   87567.0,  130917.0,   77741.0,   39883.0,  144789.0,  145656.0,  141611.0,  136119.0,   89013.0,   57511.0,   64736.0,   80342.0,   77453.0,   78897.0,   60690.0,   70516.0,   76296.0,   76874.0,   76874.0,   77741.0,   84388.0,   71672.0,   84366.0,   87856.0,   71672.0,   87856.0,  143633.0,       0.0,   84361.0,  192960.0,  209088.0,   87840.0,   71712.0,   87840.0,  192960.0,   84361.0,   84366.0,   71712.0,   87840.0,   71712.0,   72000.0,   87840.0,   84339.0,   71712.0,   71712.0,   94464.0,   26496.0,   85536.0,   96192.0,   96192.0,   96192.0,   96192.0,   86400.0,   85536.0,   85536.0,   83808.0,   83520.0,   85824.0,   86112.0,   86112.0,   82080.0,   88704.0,   78912.0,   74593.0,  137088.0,  137088.0,   94752.0,  145440.0,   90144.0,  217729.0,   88992.0,   87553.0
   69939.0,  135541.0,   23988.0,   25722.0,       0.0,   76296.0,  147390.0,    9827.0,   69649.0,   78320.0,   65314.0,  107508.0,   87567.0,  130917.0,   77741.0,   39883.0,  144789.0,  145656.0,  141611.0,  136119.0,   89013.0,   57511.0,   64736.0,   80342.0,   77453.0,   78897.0,   60690.0,   70516.0,   76296.0,   76874.0,   76874.0,   77741.0,   84388.0,   71672.0,   84366.0,   87856.0,   71672.0,   87856.0,  143633.0,   84361.0,       0.0,  192960.0,  209088.0,   87840.0,   71712.0,   87840.0,  192960.0,   84366.0,   84355.0,   71712.0,   87840.0,   71712.0,   72000.0,   87840.0,   84334.0,   71712.0,   71712.0,   94464.0,   26496.0,   85536.0,   96192.0,   96192.0,   96192.0,   96192.0,   86400.0,   85536.0,   85536.0,   83808.0,   83520.0,   85824.0,   86112.0,   86112.0,   82080.0,   88704.0,   78912.0,   74593.0,  137088.0,  137088.0,   94752.0,  145440.0,   90144.0,  217729.0,   88992.0,   87553.0
  162140.0,  314231.0,   55610.0,   59630.0,       0.0,  176880.0,  341700.0,   22780.0,  161470.0,  181570.0,  151420.0,  249240.0,  203010.0,  303510.0,  180230.0,   92460.0,  335670.0,  337680.0,  328300.0,  315571.0,  206361.0,  133330.0,  150080.0,  186260.0,  179560.0,  182910.0,  140700.0,  163481.0,  176881.0,  178220.0,  178221.0,  180231.0,  195641.0,  166682.0,  192960.0,  204285.0,  166830.0,  204291.0,  333648.0,  192960.0,  192960.0,       0.0,  486348.0,  204687.0,  167278.0,  204635.0,  448929.0,  193341.0,  193341.0,  167238.0,  204566.0,  167120.0,  167732.0,  204590.0,  193341.0,  167126.0,  167138.0,  219955.0,   61548.0,  198712.0,  223446.0,  223446.0,  223446.0,  223446.0,  200713.0,  198714.0,  198714.0,  194683.0,  194021.0,  199372.0,  200042.0,  200042.0,  190679.0,  206059.0,  183309.0,  173272.0,  318445.0,  318445.0,  220102.0,  337845.0,  209397.0,  505764.0,  206721.0,  203376.0
