JQLU01000005.1,EDR99618.1,JQKK01000015.1,AUJT01000030.1,ATWC01000054.1,ACV39665.1,ERL25782.1,KB890278.1,ERK53440.1,ERK48421.1,ERK47820.1,KGL43917.1,CBH27300.1,EUJ40903.1,ADQ78341.1,ETE53770.1,CDC65743.1,LARF01000048.1,ACOK01000100.1,JTLD01000029.1,GAE20957.1,EKB54193.1,AEK23281.1,KN549099.1,KIX21336.1,CCB70204.1,AMA48551.1,AEW86266.1,EHO06562.1,EHO08761.1,EKB06014.1,ADQ80738.1,KGE88582.1,KGL55352.1,ALJ25681.1,ALJ26029.1,ALO30226.1,ALA94104.1,GAP82240.1,ERJ81987.1,ERJ65637.1,ERJ65503.1,ERJ64231.1,AIJ36392.1,EOA10535.1,BAK25606.1,ERJ88434.1,ERJ87335.1,EIW94777.1,AAQ65551.1,KGN88274.1,KKC50278.1,KGN87312.1,KGN85385.1,KGN76020.1,KGO05347.1,KGL48767.1,KB899147.1,JHUW01000010.1,EJP27887.1,KIP58075.1,KIP63359.1,KIP62088.1,KIP58950.1,BAKF01000019.1,EFU31981.1,JVYU01002440.1,BAJY01000004.1,AFJ07523.1,KE392225.1,KJJ86756.1,EGQ18444.1,ERJ98772.1,BAJN01000005.1,EKY00089.1,BAKN01000001.1,AKP71851.1,AGC41344.1,AKQ40303.1,JTLI01000096.1,KDE72144.1,EHO19081.1,EIJ68860.1,JHXW01000011.1
       0.0,  113029.0,   20003.0,   21450.0,       0.0,   63625.0,  122911.0,    8195.0,   58081.0,   65312.0,   54466.0,   89652.0,   73023.0,  109173.0,   64829.0,   33258.0,  120741.0,  121464.0,  118090.0,  113511.0,   74228.0,   47959.0,   53984.0,   66998.0,   64589.0,   65793.0,   50610.0,   58804.0,   63625.0,   64106.0,   64106.0,   64829.0,   70372.0,   59768.0,   69409.0,   73264.0,   59768.0,   73264.0,  119777.0,   69409.0,   69409.0,  161229.0,  174725.0,   73264.0,   59768.0,   73264.0,  161229.0,   69409.0,   69409.0,   59768.0,   73264.0,   59768.0,   60009.0,   73264.0,   69409.0,   59768.0,   59768.0,   78807.0,   21931.0,   71337.0,   80253.0,   80253.0,   80253.0,   80253.0,   72059.0,   71337.0,   71337.0,   69890.0,   69649.0,   71577.0,   71818.0,   71818.0,   68445.0,   73988.0,   65794.0,   62178.0,  114475.0,  114475.0,   79048.0,  121464.0,   75192.0,  181956.0,   74228.0,   73024.0
  113029.0,       0.0,   38844.0,   41652.0,       0.0,  123552.0,  238680.0,   15912.0,  112788.0,  126828.0,  105769.0,  174096.0,  141805.0,  212004.0,  125894.0,   64584.0,  234486.0,  235890.0,  229326.0,  220429.0,  144147.0,   93133.0,  104833.0,  130104.0,  125425.0,  127766.0,   98280.0,  114193.0,  123552.0,  124488.0,  124488.0,  125893.0,  136657.0,  116065.0,  134784.0,  142273.0,  116065.0,  142273.0,  232597.0,  134784.0,  134784.0,  313093.0,  339301.0,  142273.0,  116065.0,  142273.0,  313093.0,  134784.0,  134784.0,  116065.0,  142273.0,  116065.0,  116533.0,  142273.0,  134784.0,  116065.0,  116065.0,  153036.0,   42589.0,  138529.0,  155845.0,  155845.0,  155845.0,  155845.0,  139933.0,  138529.0,  138529.0,  135721.0,  135253.0,  138997.0,  139465.0,  139465.0,  132912.0,  143676.0,  127764.0,  120744.0,  222301.0,  222301.0,  153505.0,  235872.0,  146017.0,  353340.0,  144145.0,  141804.0
   20003.0,   38844.0,       0.0,    7301.0,       6.0,   21648.0,   41820.0,    2788.0,   19762.0,   22222.0,   18532.0,   30504.0,   24846.0,   37146.0,   22058.0,   11317.0,   41082.0,   41328.0,   40181.0,   38622.0,   25256.0,   16318.0,   18368.0,   22796.0,   21976.0,   22386.0,   17220.0,   20008.0,   21648.0,   21812.0,   21812.0,   22058.0,   23944.0,   20336.0,   23617.0,   24928.0,   20336.0,   24928.0,   40754.0,   23617.0,   23617.0,   54858.0,   59450.0,   24928.0,   20336.0,   24928.0,   54858.0,   23617.0,   23617.0,   20336.0,   24928.0,   20336.0,   20418.0,   24928.0,   23617.0,   20336.0,   20336.0,   26814.0,    7462.0,   24272.0,   27306.0,   27306.0,   27306.0,   27306.0,   24518.0,   24272.0,   24272.0,   23780.0,   23698.0,   24354.0,   24436.0,   24436.0,   23288.0,   25174.0,   22386.0,   21158.0,   38950.0,   38950.0,   26896.0,   41328.0,   25584.0,   61912.0,   25256.0,   24846.0
   21450.0,   41652.0,    7301.0,       0.0,       0.0,   23232.0,   44880.0,    2993.0,   21208.0,   23849.0,   19888.0,   32736.0,   26664.0,   39864.0,   23672.0,   12144.0,   44088.0,   44353.0,   43121.0,   41448.0,   27104.0,   17512.0,   19712.0,   24464.0,   23586.0,   24024.0,   18480.0,   21472.0,   23232.0,   23408.0,   23408.0,   23672.0,   25696.0,   21824.0,   25345.0,   26752.0,   21824.0,   26752.0,   43736.0,   25345.0,   25345.0,   58872.0,   63800.0,   26752.0,   21824.0,   26752.0,   58872.0,   25345.0,   25345.0,   21824.0,   26752.0,   21824.0,   21912.0,   26752.0,   25345.0,   21824.0,   21824.0,   28777.0,    8009.0,   26048.0,   29304.0,   29304.0,   29304.0,   29304.0,   26312.0,   26048.0,   26048.0,   25520.0,   25432.0,   26136.0,   26224.0,   26224.0,   24992.0,   27017.0,   24024.0,   22704.0,   41800.0,   41800.0,   28864.0,   44352.0,   27456.0,   66441.0,   27104.0,   26665.0
       0.0,       0.0,       6.0,       0.0,       0.0,       0.0,       0.0,       0.0,       0.0,       0.0,       0.0,       0.0,       0.0,       0.0,       0.0,       0.0,       0.0,       0.0,       0.0,       0.0,       0.0,       0.0,       0.0,       0.0,       0.0,       0.0,       0.0,       0.0,       0.0,       0.0,       0.0,       0.0,       0.0,       0.0,       0.0,       0.0,       0.0,       0.0,       0.0,       0.0,       0.0,       0.0,       0.0,       0.0,       0.0,       0.0,       0.0,       0.0,       0.0,       0.0,       0.0,       0.0,       0.0,       0.0,       0.0,       0.0,       0.0,       0.0,       0.0,       0.0,       0.0,       0.0,       0.0,       0.0,       0.0,       0.0,       0.0,       0.0,       0.0,       0.0,       0.0,       0.0,       0.0,       0.0,       0.0,       0.0,       0.0,       0.0,       0.0,       0.0,       0.0,       0.0,       0.0,       0.0
   63625.0,  123552.0,   21648.0,   23232.0,       0.0,       0.0,  134590.0,    8942.0,   63385.0,   71792.0,   59445.0,   97837.0,   79689.0,  119140.0,   70747.0,   36294.0,  131764.0,  132552.0,  128870.0,  123873.0,   81004.0,   52337.0,   58912.0,   73114.0,   70484.0,   71799.0,   55230.0,   64172.0,   69433.0,   69958.0,   69958.0,   70747.0,   76796.0,   65224.0,   75744.0,   79952.0,   65224.0,   79952.0,  130711.0,   75744.0,   75744.0,  175947.0,  190675.0,   79952.0,   65224.0,   79952.0,  175947.0,   75744.0,   75744.0,   65224.0,   79952.0,   65224.0,   65487.0,   79952.0,   75744.0,   65224.0,   65224.0,   86001.0,   23933.0,   77849.0,   87579.0,   87579.0,   87579.0,   87579.0,   78638.0,   77849.0,   77849.0,   76270.0,   76008.0,   78112.0,   78375.0,   78375.0,   74693.0,   80742.0,   71800.0,   67854.0,  124925.0,  124925.0,   86264.0,  132552.0,   82056.0,  198565.0,   81004.0,   79689.0
  122911.0,  238680.0,   41820.0,   44880.0,       0.0,  134590.0,       0.0,   17306.0,  122671.0,  138218.0,  115041.0,  189349.0,  154227.0,  230578.0,  136921.0,   70242.0,  255010.0,  256536.0,  249410.0,  239739.0,  156772.0,  101291.0,  114016.0,  141502.0,  136412.0,  138957.0,  106890.0,  124196.0,  134377.0,  135394.0,  135394.0,  136921.0,  148628.0,  126232.0,  146592.0,  154736.0,  126232.0,  154736.0,  252973.0,  146592.0,  146592.0,  340521.0,  369025.0,  154736.0,  126232.0,  154736.0,  340521.0,  146592.0,  146592.0,  126232.0,  154736.0,  126232.0,  126741.0,  154736.0,  146592.0,  126232.0,  126232.0,  166443.0,   46319.0,  150665.0,  169497.0,  169497.0,  169497.0,  169497.0,  152192.0,  150665.0,  150665.0,  147610.0,  147102.0,  151174.0,  151683.0,  151683.0,  144557.0,  156264.0,  138958.0,  131322.0,  241775.0,  241775.0,  166952.0,  256536.0,  158808.0,  384295.0,  156772.0,  154227.0
    8195.0,   15912.0,    2788.0,    2993.0,       0.0,    8942.0,   17306.0,       0.0,    7953.0,    8944.0,    7458.0,   12276.0,    9999.0,   14949.0,    8877.0,    4554.0,   16533.0,   16632.0,   16170.0,   15543.0,   10164.0,    6567.0,    7392.0,    9174.0,    8845.0,    9009.0,    6930.0,    8052.0,    8712.0,    8779.0,    8778.0,    8877.0,    9636.0,    8184.0,    9505.0,   10032.0,    8184.0,   10032.0,   16401.0,    9505.0,    9505.0,   22077.0,   23925.0,   10032.0,    8184.0,   10032.0,   22077.0,    9505.0,    9505.0,    8184.0,   10032.0,    8184.0,    8217.0,   10032.0,    9505.0,    8184.0,    8184.0,   10791.0,    3003.0,    9768.0,   10989.0,   10989.0,   10989.0,   10989.0,    9867.0,    9768.0,    9768.0,    9570.0,    9537.0,    9801.0,    9834.0,    9834.0,    9372.0,   10131.0,    9010.0,    8514.0,   15675.0,   15675.0,   10824.0,   16632.0,   10296.0,   24916.0,   10164.0,   10001.0
   58081.0,  112788.0,   19762.0,   21208.0,       0.0,   63385.0,  122671.0,    7953.0,       0.0,   65041.0,   54241.0,   89281.0,   72720.0,  108721.0,   64560.0,   33120.0,  120241.0,  120960.0,  117600.0,  113041.0,   73920.0,   47760.0,   53760.0,   66720.0,   64320.0,   65520.0,   50400.0,   58560.0,   63360.0,   63841.0,   63841.0,   64560.0,   70080.0,   59520.0,   69120.0,   72960.0,   59520.0,   72960.0,  119280.0,   69120.0,   69120.0,  160560.0,  174000.0,   72960.0,   59520.0,   72960.0,  160560.0,   69120.0,   69120.0,   59520.0,   72960.0,   59520.0,   59760.0,   72960.0,   69120.0,   59520.0,   59520.0,   78480.0,   21840.0,   71040.0,   79920.0,   79920.0,   79920.0,   79920.0,   71761.0,   71040.0,   71040.0,   69600.0,   69361.0,   71281.0,   71521.0,   71521.0,   68160.0,   73680.0,   65520.0,   61920.0,  114000.0,  114000.0,   78720.0,  120960.0,   74880.0,  181200.0,   73920.0,   72720.0
   65312.0,  126828.0,   22222.0,   23849.0,       0.0,   71792.0,  138218.0,    8944.0,   65041.0,       0.0,   61026.0,  100442.0,   81810.0,  122312.0,   72630.0,   37260.0,  135271.0,  136080.0,  132300.0,  127170.0,   83160.0,   53730.0,   60480.0,   75060.0,   72361.0,   73710.0,   56700.0,   65880.0,   71280.0,   71820.0,   71820.0,   72630.0,   78840.0,   66960.0,   77761.0,   82080.0,   66960.0,   82080.0,  134190.0,   77761.0,   77761.0,  180630.0,  195750.0,   82080.0,   66960.0,   82080.0,  180630.0,   77761.0,   77761.0,   66960.0,   82080.0,   66960.0,   67230.0,   82080.0,   77761.0,   66960.0,   66960.0,   88290.0,   24570.0,   79920.0,   89910.0,   89910.0,   89910.0,   89910.0,   80731.0,   79920.0,   79920.0,   78300.0,   78031.0,   80191.0,   80461.0,   80461.0,   76680.0,   82890.0,   73710.0,   69660.0,  128250.0,  128250.0,   88560.0,  136080.0,   84240.0,  203851.0,   83160.0,   81811.0
   54466.0,  105769.0,   18532.0,   19888.0,       0.0,   59445.0,  115041.0,    7458.0,   54241.0,   61026.0,       0.0,   83700.0,   68176.0,  101925.0,   60528.0,   31050.0,  112726.0,  113401.0,  110250.0,  105976.0,   69301.0,   44776.0,   50401.0,   62550.0,   60301.0,   61429.0,   47250.0,   54900.0,   59400.0,   59851.0,   59851.0,   60526.0,   65700.0,   55800.0,   64800.0,   68400.0,   55800.0,   68400.0,  111825.0,   64800.0,   64800.0,  150525.0,  163125.0,   68400.0,   55800.0,   68400.0,  150525.0,   64800.0,   64800.0,   55800.0,   68400.0,   55800.0,   56025.0,   68400.0,   64800.0,   55800.0,   55800.0,   73575.0,   20476.0,   66601.0,   74926.0,   74926.0,   74926.0,   74926.0,   67276.0,   66601.0,   66601.0,   65251.0,   65026.0,   66826.0,   67051.0,   67051.0,   63900.0,   69075.0,   61425.0,   58050.0,  106875.0,  106875.0,   73800.0,  113400.0,   70201.0,  169875.0,   69301.0,   68175.0
   89652.0,  174096.0,   30504.0,   32736.0,       0.0,   97837.0,  189349.0,   12276.0,   89281.0,  100442.0,   83700.0,       0.0,  112414.0,  168947.0,   99799.0,   51198.0,  185872.0,  186984.0,  181790.0,  174741.0,  114268.0,   73829.0,   83104.0,  103139.0,   99428.0,  101283.0,   77910.0,   90524.0,   97944.0,   98686.0,   98686.0,   99799.0,  108332.0,   92008.0,  106848.0,  112784.0,   92008.0,  112784.0,  184387.0,  106848.0,  106848.0,  248199.0,  268975.0,  112784.0,   92008.0,  112784.0,  248199.0,  106848.0,  106848.0,   92008.0,  112784.0,   92008.0,   92379.0,  112784.0,  106848.0,   92008.0,   92008.0,  121317.0,   33761.0,  109816.0,  123544.0,  123544.0,  123544.0,  123544.0,  110930.0,  109816.0,  109816.0,  107590.0,  107220.0,  110188.0,  110559.0,  110559.0,  105364.0,  113897.0,  101283.0,   95718.0,  176225.0,  176225.0,  121688.0,  186984.0,  115752.0,  280105.0,  114268.0,  112413.0
   73023.0,  141805.0,   24846.0,   26664.0,       0.0,   79689.0,  154227.0,    9999.0,   72720.0,   81810.0,   68176.0,  112414.0,       0.0,  136806.0,   81241.0,   41676.0,  151305.0,  152209.0,  147980.0,  142242.0,   93017.0,   60099.0,   67649.0,   83957.0,   80937.0,   82448.0,   63420.0,   73688.0,   79728.0,   80332.0,   80332.0,   81239.0,   88184.0,   74896.0,   86976.0,   91808.0,   74896.0,   91808.0,  150094.0,   86976.0,   86976.0,  202038.0,  218950.0,   91808.0,   74896.0,   91808.0,  202038.0,   86976.0,   86976.0,   74896.0,   91808.0,   74896.0,   75198.0,   91808.0,   86976.0,   74896.0,   74896.0,   98754.0,   27483.0,   89393.0,  100568.0,  100568.0,  100568.0,  100568.0,   90299.0,   89393.0,   89393.0,   87581.0,   87279.0,   89695.0,   89997.0,   89997.0,   85768.0,   92714.0,   82446.0,   77916.0,  143450.0,  143450.0,   99056.0,  152208.0,   94225.0,  228010.0,   93017.0,   91506.0
  109173.0,  212004.0,   37146.0,   39864.0,       0.0,  119140.0,  230578.0,   14949.0,  108721.0,  122312.0,  101925.0,  168947.0,  136806.0,       0.0,  121588.0,   62377.0,  226453.0,  227808.0,  221480.0,  212892.0,  139216.0,   89949.0,  101249.0,  125657.0,  121136.0,  123396.0,   94922.0,  110288.0,  119328.0,  120232.0,  120232.0,  121588.0,  131984.0,  112096.0,  130176.0,  137408.0,  112096.0,  137408.0,  224644.0,  130176.0,  130176.0,  302388.0,  327700.0,  137408.0,  112096.0,  137408.0,  302388.0,  130176.0,  130176.0,  112096.0,  137408.0,  112096.0,  112548.0,  137408.0,  130176.0,  112096.0,  112096.0,  147804.0,   41132.0,  133792.0,  150516.0,  150516.0,  150516.0,  150516.0,  135149.0,  133792.0,  133792.0,  131080.0,  130629.0,  134245.0,  134697.0,  134697.0,  128368.0,  138764.0,  123396.0,  116616.0,  214701.0,  214701.0,  148257.0,  227808.0,  141024.0,  341260.0,  139216.0,  136956.0
   64829.0,  125894.0,   22058.0,   23672.0,       0.0,   70747.0,  136921.0,    8877.0,   64560.0,   72630.0,   60528.0,   99799.0,   81241.0,  121588.0,       0.0,   36984.0,  134270.0,  135074.0,  131320.0,  126228.0,   82546.0,   53334.0,   60034.0,   74504.0,   71826.0,   73169.0,   56280.0,   65392.0,   70752.0,   71288.0,   71288.0,   72094.0,   78256.0,   66464.0,   77184.0,   81472.0,   66464.0,   81472.0,  133196.0,   77184.0,   77184.0,  179292.0,  194300.0,   81472.0,   66464.0,   81472.0,  179292.0,   77184.0,   77184.0,   66464.0,   81472.0,   66464.0,   66732.0,   81472.0,   77184.0,   66464.0,   66464.0,   87636.0,   24390.0,   79330.0,   89247.0,   89247.0,   89247.0,   89247.0,   80134.0,   79330.0,   79330.0,   77722.0,   77454.0,   79598.0,   79866.0,   79866.0,   76112.0,   82276.0,   73164.0,   69144.0,  127300.0,  127300.0,   87904.0,  135072.0,   83618.0,  202340.0,   82546.0,   81204.0
   33258.0,   64584.0,   11317.0,   12144.0,       0.0,   36294.0,   70242.0,    4554.0,   33120.0,   37260.0,   31050.0,   51198.0,   41676.0,   62377.0,   36984.0,       0.0,   68637.0,   69048.0,   67131.0,   64527.0,   42196.0,   27264.0,   30689.0,   38087.0,   36716.0,   37401.0,   28771.0,   33428.0,   36168.0,   36442.0,   36442.0,   36853.0,   40004.0,   33976.0,   39457.0,   41648.0,   33976.0,   41648.0,   68089.0,   39457.0,   39457.0,   91653.0,   99325.0,   41648.0,   33976.0,   41648.0,   91653.0,   39457.0,   39457.0,   33976.0,   41648.0,   33976.0,   34113.0,   41648.0,   39457.0,   33976.0,   33976.0,   44799.0,   12467.0,   40552.0,   45621.0,   45621.0,   45621.0,   45621.0,   40963.0,   40552.0,   40552.0,   39730.0,   39593.0,   40689.0,   40826.0,   40826.0,   38908.0,   42059.0,   37401.0,   35347.0,   65076.0,   65076.0,   44937.0,   69048.0,   42744.0,  103435.0,   42196.0,   41511.0
  120741.0,  234486.0,   41082.0,   44088.0,       0.0,  131764.0,  255010.0,   16533.0,  120241.0,  135271.0,  112726.0,  185872.0,  151305.0,  226453.0,  134270.0,   68637.0,       0.0,  252769.0,  245015.0,  235500.0,  154001.0,   99501.0,  112001.0,  139000.0,  134001.0,  136502.0,  105000.0,  122000.0,  132000.0,  133000.0,  133000.0,  134501.0,  146000.0,  124000.0,  144000.0,  152000.0,  124000.0,  152000.0,  248500.0,  144000.0,  144000.0,  334500.0,  362500.0,  152000.0,  124000.0,  152000.0,  334500.0,  144000.0,  144000.0,  124000.0,  152000.0,  124000.0,  124500.0,  152000.0,  144000.0,  124000.0,  124000.0,  163500.0,   45501.0,  148001.0,  166501.0,  166501.0,  166501.0,  166501.0,  149502.0,  148001.0,  148001.0,  145001.0,  144502.0,  148502.0,  149002.0,  149002.0,  142000.0,  153500.0,  136500.0,  129000.0,  237500.0,  237500.0,  164000.0,  252000.0,  156001.0,  377500.0,  154001.0,  151500.0
  121464.0,  235890.0,   41328.0,   44353.0,       0.0,  132552.0,  256536.0,   16632.0,  120960.0,  136080.0,  113401.0,  186984.0,  152209.0,  227808.0,  135074.0,   69048.0,  252769.0,       0.0,  246485.0,  236913.0,  154925.0,  100098.0,  112673.0,  139834.0,  134805.0,  137321.0,  105630.0,  122732.0,  132792.0,  133798.0,  133798.0,  135308.0,  146876.0,  124744.0,  144864.0,  152912.0,  124744.0,  152912.0,  249991.0,  144864.0,  144864.0,  336507.0,  364675.0,  152912.0,  124744.0,  152912.0,  336507.0,  144864.0,  144864.0,  124744.0,  152912.0,  124744.0,  125247.0,  152912.0,  144864.0,  124744.0,  124744.0,  164482.0,   45775.0,  148889.0,  167500.0,  167500.0,  167500.0,  167500.0,  150398.0,  148889.0,  148889.0,  145871.0,  145368.0,  149392.0,  149895.0,  149895.0,  142852.0,  154422.0,  137319.0,  129774.0,  238925.0,  238925.0,  164984.0,  253512.0,  156937.0,  379765.0,  154925.0,  152409.0
  118090.0,  229326.0,   40181.0,   43121.0,       0.0,  128870.0,  249410.0,   16170.0,  117600.0,  132300.0,  110250.0,  181790.0,  147980.0,  221480.0,  131320.0,   67131.0,  245015.0,  246485.0,       0.0,  230319.0,  150612.0,   97311.0,  109536.0,  135942.0,  131052.0,  133497.0,  102690.0,  119316.0,  129096.0,  130074.0,  130074.0,  131541.0,  142788.0,  121272.0,  140833.0,  148656.0,  121272.0,  148656.0,  243033.0,  140833.0,  140833.0,  327141.0,  354525.0,  148656.0,  121272.0,  148656.0,  327141.0,  140833.0,  140833.0,  121272.0,  148656.0,  121272.0,  121761.0,  148656.0,  140833.0,  121272.0,  121272.0,  159904.0,   44500.0,  144744.0,  162837.0,  162837.0,  162837.0,  162837.0,  146211.0,  144744.0,  144744.0,  141810.0,  141321.0,  145233.0,  145722.0,  145722.0,  138876.0,  150124.0,  133497.0,  126163.0,  232275.0,  232275.0,  160392.0,  246456.0,  152568.0,  369195.0,  150612.0,  148167.0
  113511.0,  220429.0,   38622.0,   41448.0,       0.0,  123873.0,  239739.0,   15543.0,  113041.0,  127170.0,  105976.0,  174741.0,  142242.0,  212892.0,  126228.0,   64527.0,  235500.0,  236913.0,  230319.0,       0.0,  144761.0,   93530.0,  105280.0,  130660.0,  125960.0,  128310.0,   98700.0,  114681.0,  124080.0,  125021.0,  125021.0,  126430.0,  137241.0,  116561.0,  135360.0,  142881.0,  116561.0,  142881.0,  233591.0,  135360.0,  135360.0,  314431.0,  340751.0,  142881.0,  116561.0,  142881.0,  314431.0,  135360.0,  135360.0,  116561.0,  142881.0,  116561.0,  117031.0,  142881.0,  135360.0,  116561.0,  116561.0,  153690.0,   42770.0,  139120.0,  156510.0,  156510.0,  156510.0,  156510.0,  140530.0,  139120.0,  139120.0,  136300.0,  135830.0,  139590.0,  140060.0,  140060.0,  133480.0,  144290.0,  128310.0,  121260.0,  223252.0,  223252.0,  154162.0,  236880.0,  146640.0,  354850.0,  144760.0,  142410.0
   74228.0,  144147.0,   25256.0,   27104.0,       0.0,   81004.0,  156772.0,   10164.0,   73920.0,   83160.0,   69301.0,  114268.0,   93017.0,  139216.0,   82546.0,   42196.0,  154001.0,  154925.0,  150612.0,  144761.0,       0.0,   61094.0,   68769.0,   85346.0,   82277.0,   83813.0,   64470.0,   74909.0,   81048.0,   81662.0,   81662.0,   82584.0,   89645.0,   76137.0,   88416.0,   93329.0,   76137.0,   93329.0,  152580.0,   88416.0,   88416.0,  205384.0,  222576.0,   93329.0,   76137.0,   93329.0,  205384.0,   88416.0,   88416.0,   76137.0,   93329.0,   76137.0,   76444.0,   93329.0,   88416.0,   76137.0,   76137.0,  100389.0,   27938.0,   90873.0,  102232.0,  102232.0,  102232.0,  102232.0,   91794.0,   90873.0,   90873.0,   89031.0,   88724.0,   91180.0,   91487.0,   91487.0,   87188.0,   94249.0,   83811.0,   79206.0,  145826.0,  145826.0,  100697.0,  154728.0,   95785.0,  231785.0,   94557.0,   93021.0
   47959.0,   93133.0,   16318.0,   17512.0,       0.0,   52337.0,  101291.0,    6567.0,   47760.0,   53730.0,   44776.0,   73829.0,   60099.0,   89949.0,   53334.0,   27264.0,   99501.0,  100098.0,   97311.0,   93530.0,   61094.0,       0.0,   44517.0,   55055.0,   53068.0,   54056.0,   41581.0,   48312.0,   52283.0,   52679.0,   52679.0,   53263.0,   57816.0,   49104.0,   57024.0,   60192.0,   49104.0,   60192.0,   98406.0,   57024.0,   57024.0,  132462.0,  143550.0,   60192.0,   49104.0,   60192.0,  132462.0,   57024.0,   57024.0,   49104.0,   60192.0,   49104.0,   49302.0,   60192.0,   57024.0,   49104.0,   49104.0,   64746.0,   18019.0,   58609.0,   65935.0,   65935.0,   65935.0,   65935.0,   59203.0,   58609.0,   58609.0,   57421.0,   57223.0,   58807.0,   59005.0,   59005.0,   56232.0,   60786.0,   54054.0,   51084.0,   94051.0,   94051.0,   64945.0,   99792.0,   61777.0,  149490.0,   60985.0,   59994.0
   53984.0,  104833.0,   18368.0,   19712.0,       0.0,   58912.0,  114016.0,    7392.0,   53760.0,   60480.0,   50401.0,   83104.0,   67649.0,  101249.0,   60034.0,   30689.0,  112001.0,  112673.0,  109536.0,  105280.0,   68769.0,   44517.0,       0.0,   62005.0,   59768.0,   60881.0,   46831.0,   54412.0,   58883.0,   59329.0,   59329.0,   59988.0,   65116.0,   55304.0,   64224.0,   67792.0,   55304.0,   67792.0,  110831.0,   64224.0,   64224.0,  149187.0,  161675.0,   67792.0,   55304.0,   67792.0,  149187.0,   64224.0,   64224.0,   55304.0,   67792.0,   55304.0,   55527.0,   67792.0,   64224.0,   55304.0,   55304.0,   72921.0,   20294.0,   66009.0,   74260.0,   74260.0,   74260.0,   74260.0,   66678.0,   66009.0,   66009.0,   64671.0,   64448.0,   66232.0,   66455.0,   66455.0,   63332.0,   68461.0,   60879.0,   57534.0,  105926.0,  105926.0,   73145.0,  112392.0,   69577.0,  168365.0,   68685.0,   67569.0
   66998.0,  130104.0,   22796.0,   24464.0,       0.0,   73114.0,  141502.0,    9174.0,   66720.0,   75060.0,   62550.0,  103139.0,   83957.0,  125657.0,   74504.0,   38087.0,  139000.0,  139834.0,  135942.0,  130660.0,   85346.0,   55055.0,   62005.0,       0.0,   74246.0,   75621.0,   58177.0,   67594.0,   73128.0,   73682.0,   73682.0,   74513.0,   80884.0,   68696.0,   79776.0,   84208.0,   68696.0,   84208.0,  137669.0,   79776.0,   79776.0,  185313.0,  200825.0,   84208.0,   68696.0,   84208.0,  185313.0,   79776.0,   79776.0,   68696.0,   84208.0,   68696.0,   68973.0,   84208.0,   79776.0,   68696.0,   68696.0,   90579.0,   25207.0,   81992.0,   92242.0,   92242.0,   92242.0,   92242.0,   82823.0,   81992.0,   81992.0,   80330.0,   80053.0,   82269.0,   82546.0,   82546.0,   78668.0,   85039.0,   75621.0,   71466.0,  131576.0,  131576.0,   90857.0,  139608.0,   86424.0,  209135.0,   85316.0,   83931.0
   64589.0,  125425.0,   21976.0,   23586.0,       0.0,   70484.0,  136412.0,    8845.0,   64320.0,   72361.0,   60301.0,   99428.0,   80937.0,  121136.0,   71826.0,   36716.0,  134001.0,  134805.0,  131052.0,  125960.0,   82277.0,   53068.0,   59768.0,   74246.0,       0.0,   72894.0,   56070.0,   65148.0,   70488.0,   71022.0,   71022.0,   71824.0,   77964.0,   66216.0,   76897.0,   81168.0,   66216.0,   81168.0,  132699.0,   76897.0,   76897.0,  178623.0,  193575.0,   81168.0,   66216.0,   81168.0,  178623.0,   76897.0,   76897.0,   66216.0,   81168.0,   66216.0,   66483.0,   81168.0,   76897.0,   66216.0,   66216.0,   87309.0,   24298.0,   79033.0,   88912.0,   88912.0,   88912.0,   88912.0,   79834.0,   79033.0,   79033.0,   77431.0,   77164.0,   79300.0,   79567.0,   79567.0,   75828.0,   81969.0,   72891.0,   68886.0,  126825.0,  126825.0,   87576.0,  134568.0,   83305.0,  201586.0,   82237.0,   80902.0
   65793.0,  127766.0,   22386.0,   24024.0,       0.0,   71799.0,  138957.0,    9009.0,   65520.0,   73710.0,   61429.0,  101283.0,   82448.0,  123396.0,   73169.0,   37401.0,  136502.0,  137321.0,  133497.0,  128310.0,   83813.0,   54056.0,   60881.0,   75621.0,   72894.0,       0.0,   57120.0,   66368.0,   71808.0,   72352.0,   72352.0,   73173.0,   79424.0,   67456.0,   78336.0,   82688.0,   67456.0,   82688.0,  135184.0,   78336.0,   78336.0,  181968.0,  197200.0,   82688.0,   67456.0,   82688.0,  181968.0,   78336.0,   78336.0,   67456.0,   82688.0,   67456.0,   67728.0,   82688.0,   78336.0,   67456.0,   67456.0,   88944.0,   24754.0,   80514.0,   90578.0,   90578.0,   90578.0,   90578.0,   81330.0,   80514.0,   80514.0,   78882.0,   78610.0,   80786.0,   81058.0,   81058.0,   77248.0,   83504.0,   74256.0,   70176.0,  129200.0,  129200.0,   89216.0,  137088.0,   84866.0,  205360.0,   83778.0,   82416.0
   50610.0,   98280.0,   17220.0,   18480.0,       0.0,   55230.0,  106890.0,    6930.0,   50400.0,   56700.0,   47250.0,   77910.0,   63420.0,   94922.0,   56280.0,   28771.0,  105000.0,  105630.0,  102690.0,   98700.0,   64470.0,   41581.0,   46831.0,   58177.0,   56070.0,   57120.0,       0.0,   51995.0,   55176.0,   55594.0,   55594.0,   56221.0,   61028.0,   51832.0,   60192.0,   63536.0,   51832.0,   63536.0,  103873.0,   60192.0,   60192.0,  139821.0,  151525.0,   63537.0,   51832.0,   63536.0,  139821.0,   60192.0,   60192.0,   51832.0,   63536.0,   51833.0,   52041.0,   63536.0,   60192.0,   51832.0,   51832.0,   68343.0,   19019.0,   61864.0,   69597.0,   69597.0,   69597.0,   69597.0,   62491.0,   61864.0,   61864.0,   60610.0,   60401.0,   62073.0,   62282.0,   62282.0,   59356.0,   64163.0,   57057.0,   53922.0,   99276.0,   99276.0,   68553.0,  105336.0,   65208.0,  157795.0,   64372.0,   63327.0
   58804.0,  114193.0,   20008.0,   21472.0,       0.0,   64172.0,  124196.0,    8052.0,   58560.0,   65880.0,   54900.0,   90524.0,   73688.0,  110288.0,   65392.0,   33428.0,  122000.0,  122732.0,  119316.0,  114681.0,   74909.0,   48312.0,   54412.0,   67594.0,   65148.0,   66368.0,   51995.0,       0.0,   64152.0,   64638.0,   64638.0,   65367.0,   70957.0,   60265.0,   69984.0,   73873.0,   60265.0,   73873.0,  120772.0,   69984.0,   69984.0,  162568.0,  176176.0,   73874.0,   60265.0,   73873.0,  162568.0,   69984.0,   69984.0,   60265.0,   73873.0,   60266.0,   60508.0,   73873.0,   69984.0,   60265.0,   60265.0,   79461.0,   22113.0,   71928.0,   80919.0,   80919.0,   80919.0,   80919.0,   72657.0,   71928.0,   71928.0,   70470.0,   70227.0,   72171.0,   72414.0,   72414.0,   69012.0,   74601.0,   66339.0,   62694.0,  115426.0,  115426.0,   79705.0,  122472.0,   75816.0,  183465.0,   74844.0,   73629.0
   63625.0,  123552.0,   21648.0,   23232.0,       0.0,   69433.0,  134377.0,    8712.0,   63360.0,   71280.0,   59400.0,   97944.0,   79728.0,  119328.0,   70752.0,   36168.0,  132000.0,  132792.0,  129096.0,  124080.0,   81048.0,   52283.0,   58883.0,   73128.0,   70488.0,   71808.0,   55176.0,   64152.0,       0.0,   71026.0,   71013.0,   70748.0,   76796.0,   65225.0,   75744.0,   79953.0,   65225.0,   79953.0,  130712.0,   75744.0,   75744.0,  175948.0,  190676.0,   79952.0,   65225.0,   79953.0,  175948.0,   75744.0,   75744.0,   65225.0,   79953.0,   65224.0,   65488.0,   79953.0,   75744.0,   65225.0,   65225.0,   86002.0,   23933.0,   77849.0,   87579.0,   87579.0,   87579.0,   87579.0,   78637.0,   77849.0,   77849.0,   76270.0,   76007.0,   78111.0,   78374.0,   78374.0,   74693.0,   80742.0,   71800.0,   67854.0,  124925.0,  124925.0,   86264.0,  132552.0,   82056.0,  198565.0,   81004.0,   79689.0
   64106.0,  124488.0,   21812.0,   23408.0,       0.0,   69958.0,  135394.0,    8779.0,   63841.0,   71820.0,   59851.0,   98686.0,   80332.0,  120232.0,   71288.0,   36442.0,  133000.0,  133798.0,  130074.0,  125021.0,   81662.0,   52679.0,   59329.0,   73682.0,   71022.0,   72352.0,   55594.0,   64638.0,   71026.0,       0.0,   71540.0,   71285.0,   77380.0,   65720.0,   76320.0,   80560.0,   65720.0,   80560.0,  131705.0,   76320.0,   76320.0,  177285.0,  192125.0,   80560.0,   65720.0,   80560.0,  177285.0,   76320.0,   76320.0,   65720.0,   80560.0,   65720.0,   65985.0,   80560.0,   76320.0,   65720.0,   65720.0,   86655.0,   24115.0,   78440.0,   88245.0,   88245.0,   88245.0,   88245.0,   79235.0,   78440.0,   78440.0,   76850.0,   76585.0,   78705.0,   78970.0,   78970.0,   75260.0,   81355.0,   72346.0,   68370.0,  125875.0,  125875.0,   86920.0,  133560.0,   82680.0,  200075.0,   81620.0,   80296.0
   64106.0,  124488.0,   21812.0,   23408.0,       0.0,   69958.0,  135394.0,    8778.0,   63841.0,   71820.0,   59851.0,   98686.0,   80332.0,  120232.0,   71288.0,   36442.0,  133000.0,  133798.0,  130074.0,  125021.0,   81662.0,   52679.0,   59329.0,   73682.0,   71022.0,   72352.0,   55594.0,   64638.0,   71013.0,   71540.0,       0.0,   71286.0,   77380.0,   65721.0,   76320.0,   80561.0,   65721.0,   80561.0,  131706.0,   76320.0,   76320.0,  177286.0,  192126.0,   80560.0,   65721.0,   80561.0,  177286.0,   76320.0,   76320.0,   65721.0,   80561.0,   65720.0,   65986.0,   80561.0,   76320.0,   65721.0,   65721.0,   86656.0,   24115.0,   78440.0,   88245.0,   88245.0,   88245.0,   88245.0,   79235.0,   78440.0,   78440.0,   76850.0,   76585.0,   78705.0,   78970.0,   78970.0,   75260.0,   81355.0,   72345.0,   68370.0,  125875.0,  125875.0,   86920.0,  133560.0,   82680.0,  200075.0,   81620.0,   80295.0
   64829.0,  125893.0,   22058.0,   23672.0,       0.0,   70747.0,  136921.0,    8877.0,   64560.0,   72630.0,   60526.0,   99799.0,   81239.0,  121588.0,   72094.0,   36853.0,  134501.0,  135308.0,  131541.0,  126430.0,   82584.0,   53263.0,   59988.0,   74513.0,   71824.0,   73173.0,   56221.0,   65367.0,   70748.0,   71285.0,   71286.0,       0.0,   78256.0,   66465.0,   77184.0,   81473.0,   66465.0,   81473.0,  133197.0,   77184.0,   77184.0,  179293.0,  194301.0,   81472.0,   66465.0,   81473.0,  179293.0,   77184.0,   77184.0,   66465.0,   81473.0,   66464.0,   66733.0,   81473.0,   77184.0,   66465.0,   66465.0,   87637.0,   24389.0,   79329.0,   89245.0,   89245.0,   89245.0,   89245.0,   80133.0,   79329.0,   79329.0,   77721.0,   77453.0,   79597.0,   79865.0,   79865.0,   76112.0,   82276.0,   73164.0,   69144.0,  127300.0,  127300.0,   87904.0,  135072.0,   83617.0,  202340.0,   82545.0,   81204.0
   70372.0,  136657.0,   23944.0,   25696.0,       0.0,   76796.0,  148628.0,    9636.0,   70080.0,   78840.0,   65700.0,  108332.0,   88184.0,  131984.0,   78256.0,   40004.0,  146000.0,  146876.0,  142788.0,  137241.0,   89645.0,   57816.0,   65116.0,   80884.0,   77964.0,   79424.0,   61028.0,   70957.0,   76796.0,   77380.0,   77380.0,   78256.0,       0.0,   72169.0,   83808.0,   88465.0,   72169.0,   88465.0,  144628.0,   83808.0,   83808.0,  194680.0,  210976.0,   88465.0,   72169.0,   88465.0,  194680.0,   83808.0,   83808.0,   72169.0,   88465.0,   72169.0,   72460.0,   88465.0,   83808.0,   72169.0,   72169.0,   95157.0,   26481.0,   86136.0,   96903.0,   96903.0,   96903.0,   96903.0,   87009.0,   86136.0,   86136.0,   84391.0,   84099.0,   86427.0,   86718.0,   86718.0,   82645.0,   89337.0,   79443.0,   75078.0,  138226.0,  138226.0,   95449.0,  146664.0,   90792.0,  219705.0,   89628.0,   88173.0
   59768.0,  116065.0,   20336.0,   21824.0,       0.0,   65224.0,  126232.0,    8184.0,   59520.0,   66960.0,   55800.0,   92008.0,   74896.0,  112096.0,   66464.0,   33976.0,  124000.0,  124744.0,  121272.0,  116561.0,   76137.0,   49104.0,   55304.0,   68696.0,   66216.0,   67456.0,   51832.0,   60265.0,   65225.0,   65720.0,   65721.0,   66465.0,   72169.0,       0.0,   71136.0,   75903.0,   62076.0,   75914.0,  123401.0,   71136.0,   71136.0,  165752.0,  179581.0,   75918.0,   62069.0,   75874.0,  165759.0,   71136.0,   71136.0,   62102.0,   76144.0,   62385.0,   62631.0,   76087.0,   71136.0,   62342.0,   62362.0,   81834.0,   22477.0,   73148.0,   82251.0,   82251.0,   82251.0,   82251.0,   73872.0,   73151.0,   73151.0,   71651.0,   71406.0,   73384.0,   73629.0,   73629.0,   70176.0,   75853.0,   67449.0,   63726.0,  117328.0,  117328.0,   81019.0,  124488.0,   77064.0,  186485.0,   76076.0,   74841.0
   69409.0,  134784.0,   23617.0,   25345.0,       0.0,   75744.0,  146592.0,    9505.0,   69120.0,   77761.0,   64800.0,  106848.0,   86976.0,  130176.0,   77184.0,   39457.0,  144000.0,  144864.0,  140833.0,  135360.0,   88416.0,   57024.0,   64224.0,   79776.0,   76897.0,   78336.0,   60192.0,   69984.0,   75744.0,   76320.0,   76320.0,   77184.0,   83808.0,   71136.0,       0.0,   87248.0,   71176.0,   87248.0,  142639.0,   83790.0,   83790.0,  192003.0,  208075.0,   87248.0,   71176.0,   87248.0,  192003.0,   83790.0,   83790.0,   71176.0,   87248.0,   71176.0,   71463.0,   87248.0,   83750.0,   71176.0,   71176.0,   93849.0,   26117.0,   84952.0,   95571.0,   95571.0,   95571.0,   95571.0,   85813.0,   84952.0,   84952.0,   83230.0,   82943.0,   85239.0,   85526.0,   85526.0,   81508.0,   88109.0,   78351.0,   74047.0,  136325.0,  136325.0,   94136.0,  144648.0,   89544.0,  216686.0,   88396.0,   86962.0
   73264.0,  142273.0,   24928.0,   26752.0,       0.0,   79952.0,  154736.0,   10032.0,   72960.0,   82080.0,   68400.0,  112784.0,   91808.0,  137408.0,   81472.0,   41648.0,  152000.0,  152912.0,  148656.0,  142881.0,   93329.0,   60192.0,   67792.0,   84208.0,   81168.0,   82688.0,   63536.0,   73873.0,   79953.0,   80560.0,   80561.0,   81473.0,   88465.0,   75903.0,   87248.0,       0.0,   76192.0,   93184.0,  151389.0,   87264.0,   87264.0,  203305.0,  220313.0,   93156.0,   76205.0,   93140.0,  203327.0,   87264.0,   87264.0,   76169.0,   92975.0,   75953.0,   76179.0,   92956.0,   87264.0,   75922.0,   75957.0,   99809.0,   27573.0,   89729.0,  100899.0,  100899.0,  100899.0,  100899.0,   90611.0,   89732.0,   89732.0,   87884.0,   87588.0,   90011.0,   90315.0,   90313.0,   86073.0,   93038.0,   82737.0,   78176.0,  143928.0,  143928.0,   99387.0,  152712.0,   94536.0,  228765.0,   93324.0,   91809.0
   59768.0,  116065.0,   20336.0,   21824.0,       0.0,   65224.0,  126232.0,    8184.0,   59520.0,   66960.0,   55800.0,   92008.0,   74896.0,  112096.0,   66464.0,   33976.0,  124000.0,  124744.0,  121272.0,  116561.0,   76137.0,   49104.0,   55304.0,   68696.0,   66216.0,   67456.0,   51832.0,   60265.0,   65225.0,   65720.0,   65721.0,   66465.0,   72169.0,   62076.0,   71176.0,   76192.0,       0.0,   76136.0,  123580.0,   71136.0,   71136.0,  165906.0,  179705.0,   76147.0,   62376.0,   76115.0,  165922.0,   71136.0,   71136.0,   62333.0,   75915.0,   62092.0,   62248.0,   75919.0,   71136.0,   62061.0,   62120.0,   81536.0,   22477.0,   73155.0,   82251.0,   82251.0,   82251.0,   82251.0,   73869.0,   73158.0,   73158.0,   71644.0,   71404.0,   73381.0,   73627.0,   73625.0,   70169.0,   75846.0,   67449.0,   63726.0,  117328.0,  117328.0,   81019.0,  124488.0,   77064.0,  186485.0,   76076.0,   74841.0
   73264.0,  142273.0,   24928.0,   26752.0,       0.0,   79952.0,  154736.0,   10032.0,   72960.0,   82080.0,   68400.0,  112784.0,   91808.0,  137408.0,   81472.0,   41648.0,  152000.0,  152912.0,  148656.0,  142881.0,   93329.0,   60192.0,   67792.0,   84208.0,   81168.0,   82688.0,   63536.0,   73873.0,   79953.0,   80560.0,   80561.0,   81473.0,   88465.0,   75914.0,   87248.0,   93184.0,   76136.0,       0.0,  151384.0,   87264.0,   87264.0,  203312.0,  220292.0,   93171.0,   76184.0,   93115.0,  203315.0,   87264.0,   87264.0,   76196.0,   92984.0,   75988.0,   76200.0,   92956.0,   87264.0,   75934.0,   76003.0,   99830.0,   27573.0,   89736.0,  100899.0,  100899.0,  100899.0,  100899.0,   90617.0,   89739.0,   89739.0,   87892.0,   87591.0,   90017.0,   90318.0,   90318.0,   86081.0,   93046.0,   82737.0,   78174.0,  143928.0,  143928.0,   99387.0,  152712.0,   94536.0,  228765.0,   93324.0,   91809.0
  119777.0,  232597.0,   40754.0,   43736.0,       0.0,  130711.0,  252973.0,   16401.0,  119280.0,  134190.0,  111825.0,  184387.0,  150094.0,  224644.0,  133196.0,   68089.0,  248500.0,  249991.0,  243033.0,  233591.0,  152580.0,   98406.0,  110831.0,  137669.0,  132699.0,  135184.0,  103873.0,  120772.0,  130712.0,  131705.0,  131706.0,  133197.0,  144628.0,  123401.0,  142639.0,  151389.0,  123580.0,  151384.0,       0.0,  142848.0,  142848.0,  332475.0,  360225.0,  151544.0,  123857.0,  151513.0,  332459.0,  142848.0,  142848.0,  123895.0,  151437.0,  123677.0,  124076.0,  151425.0,  142848.0,  123642.0,  123665.0,  162840.0,   45136.0,  146859.0,  165168.0,  165168.0,  165168.0,  165168.0,  148314.0,  146862.0,  146862.0,  143852.0,  143361.0,  147328.0,  147825.0,  147825.0,  140881.0,  152285.0,  135410.0,  127968.0,  235603.0,  235603.0,  162691.0,  249984.0,  154752.0,  374480.0,  152768.0,  150288.0
   69409.0,  134784.0,   23617.0,   25345.0,       0.0,   75744.0,  146592.0,    9505.0,   69120.0,   77761.0,   64800.0,  106848.0,   86976.0,  130176.0,   77184.0,   39457.0,  144000.0,  144864.0,  140833.0,  135360.0,   88416.0,   57024.0,   64224.0,   79776.0,   76897.0,   78336.0,   60192.0,   69984.0,   75744.0,   76320.0,   76320.0,   77184.0,   83808.0,   71136.0,   83790.0,   87264.0,   71136.0,   87264.0,  142848.0,       0.0,   83784.0,  192003.0,  208075.0,   87248.0,   71176.0,   87248.0,  192003.0,   83784.0,   83790.0,   71176.0,   87248.0,   71176.0,   71463.0,   87248.0,   83761.0,   71176.0,   71176.0,   93849.0,   26117.0,   84952.0,   95571.0,   95571.0,   95571.0,   95571.0,   85813.0,   84952.0,   84952.0,   83230.0,   82943.0,   85239.0,   85526.0,   85526.0,   81508.0,   88109.0,   78351.0,   74047.0,  136325.0,  136325.0,   94136.0,  144648.0,   89544.0,  216686.0,   88396.0,   86962.0
   69409.0,  134784.0,   23617.0,   25345.0,       0.0,   75744.0,  146592.0,    9505.0,   69120.0,   77761.0,   64800.0,  106848.0,   86976.0,  130176.0,   77184.0,   39457.0,  144000.0,  144864.0,  140833.0,  135360.0,   88416.0,   57024.0,   64224.0,   79776.0,   76897.0,   78336.0,   60192.0,   69984.0,   75744.0,   76320.0,   76320.0,   77184.0,   83808.0,   71136.0,   83790.0,   87264.0,   71136.0,   87264.0,  142848.0,   83784.0,       0.0,  192003.0,  208075.0,   87248.0,   71176.0,   87248.0,  192003.0,   83790.0,   83777.0,   71176.0,   87248.0,   71176.0,   71463.0,   87248.0,   83755.0,   71176.0,   71176.0,   93849.0,   26117.0,   84952.0,   95571.0,   95571.0,   95571.0,   95571.0,   85813.0,   84952.0,   84952.0,   83230.0,   82943.0,   85239.0,   85526.0,   85526.0,   81508.0,   88109.0,   78351.0,   74047.0,  136325.0,  136325.0,   94136.0,  144648.0,   89544.0,  216686.0,   88396.0,   86962.0
  161229.0,  313093.0,   54858.0,   58872.0,       0.0,  175947.0,  340521.0,   22077.0,  160560.0,  180630.0,  150525.0,  248199.0,  202038.0,  302388.0,  179292.0,   91653.0,  334500.0,  336507.0,  327141.0,  314431.0,  205384.0,  132462.0,  149187.0,  185313.0,  178623.0,  181968.0,  139821.0,  162568.0,  175948.0,  177285.0,  177286.0,  179293.0,  194680.0,  165752.0,  192003.0,  203305.0,  165906.0,  203312.0,  332475.0,  192003.0,  192003.0,       0.0,  484951.0,  203710.0,  166357.0,  203653.0,  447587.0,  192384.0,  192384.0,  166313.0,  203584.0,  166185.0,  166798.0,  203608.0,  192384.0,  166192.0,  166206.0,  218945.0,   60788.0,  197742.0,  222444.0,  222444.0,  222444.0,  222444.0,  199740.0,  197745.0,  197745.0,  193722.0,  193059.0,  198402.0,  199071.0,  199072.0,  189720.0,  205080.0,  182366.0,  172344.0,  317301.0,  317301.0,  219105.0,  336672.0,  208416.0,  504340.0,  205744.0,  202404.0
